CAR204_20240323$135900_1711181640.wav	
CAR204_20240323$160400_1711189140.wav	
CAR204_20240325$075800_1711332780.wav	
CAR204_20240325$164500_1711364400.wav	748.544	763.712	763.776	763.808	1533.76	1533.792	1540.352	1540.384	1540.416	1566.88	1566.912	1615.328	1615.36	1615.392	1631.36	1631.392	1635.264	1635.296	1635.328	1644.928	1644.96	1648.0	1648.032	1655.552	1655.584	1655.616	1658.944	1658.976	1659.008	1668.064	1668.096	1668.128	1745.504	1745.536	1745.568	1745.6	1748.8	1748.832	1748.864	1748.896	1761.92	1761.952	1764.8	1764.832	1764.864	1767.712	1767.744	1824.768	1824.8	1879.072	2150.048	2150.08	2150.112	2150.144	2150.176	2150.208	2150.24	
CAR204_20240326$144500_1711443600.wav	
CAR204_20240327$094500_1711512000.wav	
CAR204_20240327$124500_1711522800.wav	
CAR204_20240327$144500_1711530000.wav	
CAR204_20240327$174500_1711540800.wav	319.36	319.392	381.728	381.76	381.792	381.824	381.856	591.136	591.168	591.2	591.232	591.264	599.776	599.808	599.84	599.872	615.616	641.248	641.28	641.312	641.344	645.504	645.536	654.944	760.672	760.704	796.48	796.512	796.544	796.576	818.016	818.048	818.08	818.112	827.68	872.864	872.896	872.928	872.96	937.44	975.744	975.84	975.872	975.904	988.16	988.192	988.224	988.256	988.288	988.32	995.232	995.264	995.296	995.328	995.36	996.736	999.2	1048.48	1053.28	1053.312	1074.016	1074.048	1074.08	1074.112	1074.144	1074.176	1074.208	1074.24	1078.496	1078.528	1078.56	1078.592	1078.624	1078.656	1078.688	1081.632	1081.664	1081.696	1081.728	1081.76	1081.792	1081.824	1081.856	1088.16	1088.192	1088.224	1088.256	1088.288	1088.32	1088.352	1095.616	1095.648	1095.68	1095.712	1095.744	1095.776	1095.808	1095.84	1098.368	1098.4	1098.432	1098.464	1098.496	1098.528	1098.56	1107.648	1107.68	1107.712	1107.744	1107.776	1107.808	1107.84	1107.872	1116.896	1116.928	1116.96	1116.992	1117.024	1117.056	1117.088	1117.12	1124.96	1124.992	1125.024	1125.056	1125.088	1125.12	1125.152	1125.184	1134.112	1134.144	1134.176	1134.208	1134.24	1134.272	1134.304	1134.336	1134.368	1143.136	1143.168	1143.2	1143.232	1143.264	1143.296	1143.328	1143.36	1146.432	1146.464	1146.496	1146.528	1146.56	1146.592	1146.624	1150.176	1150.208	1150.24	1150.272	1150.304	1150.336	1150.368	1150.4	1158.496	1158.528	1158.56	1158.592	1158.624	1158.656	1158.688	1168.96	1168.992	1169.024	1169.056	1169.088	1169.12	1172.992	1173.024	1173.056	1173.088	1173.12	1174.688	1174.72	1176.832	1176.864	1176.896	1176.928	1176.96	1176.992	1177.024	1180.416	1180.448	1180.48	1180.512	1180.544	1180.576	1182.432	1188.224	1188.256	1188.288	1196.928	1196.96	1196.992	1197.024	1200.8	1200.832	1200.864	1207.744	1207.776	1207.808	1207.84	1207.872	1207.904	1224.48	1236.736	1236.768	1236.8	1236.832	1236.864	1243.36	1243.392	1243.424	1243.456	1250.176	1250.208	1250.24	1250.272	1250.304	1256.608	1264.992	1265.024	1265.056	1265.088	1282.624	1282.656	1282.688	1282.72	1282.752	1299.296	1299.328	1299.36	1299.392	1299.424	1316.224	1316.256	1316.288	1316.32	1321.088	1321.12	1321.152	1321.184	1321.216	1330.656	1330.688	1330.72	1330.752	1343.872	1343.904	1343.936	1343.968	1357.024	1357.056	1357.088	1367.808	1367.84	1367.872	1403.648	1403.68	1403.712	1403.744	1421.728	1421.76	1421.792	1421.824	1427.264	1427.296	1427.328	1427.36	1427.392	1430.848	1430.88	1430.912	1430.944	1440.544	1440.576	1440.608	1457.856	1457.888	1460.352	1460.384	1460.416	1477.664	1477.696	1482.432	1482.464	1482.496	1482.528	1482.56	1487.552	1487.584	1487.616	1487.648	1487.68	1509.952	1509.984	1510.016	1510.048	1510.08	1512.736	1512.768	1512.8	1512.832	1512.864	3258.528	3555.168	3555.2	3567.232	3567.264	3567.296	3567.328	3576.832	3577.408	3577.44	3587.424	
CAR204_20240328$094500_1711598400.wav	
CAR204_20240328$164500_1711623600.wav	565.952	568.928	568.96	571.968	584.0	584.032	1353.696	1358.24	1363.264	1363.296	1377.44	1399.424	1404.352	1404.384	1409.664	1563.36	1563.392	1563.424	1570.912	1570.944	1621.856	1621.888	1621.92	1621.952	1625.152	1625.184	1625.216	1625.248	1625.28	1629.088	1629.12	1629.152	1629.184	1629.216	1631.648	1631.68	1631.712	1631.744	1631.776	1634.144	1634.176	1634.208	1634.24	1634.272	1636.928	1636.96	1636.992	1637.024	1639.424	1639.456	1639.488	1639.52	1639.552	1643.68	1643.712	1643.744	1647.136	1647.168	1647.2	1647.232	1650.528	1650.56	1654.592	1654.624	1654.656	1654.688	1663.168	1663.2	1663.232	1663.264	1666.496	1666.528	1666.56	1666.592	1666.624	1670.144	1670.176	1670.208	1670.24	1673.792	1673.824	1673.856	1673.888	1692.832	1692.864	1692.896	1692.928	1713.28	1713.312	1713.344	1713.376	1721.248	1721.28	1721.312	1721.344	1749.92	1749.952	1749.984	1750.016	1750.048	1757.952	1757.984	1758.016	1758.048	1763.872	1763.904	1763.936	1763.968	1769.184	1769.216	1769.248	1775.36	1775.392	1782.464	1782.496	1782.528	2171.104	2171.136	
CAR204_20240329$154500_1711706400.wav	
CAR213_20240325$084500_1711335600.wav	
CAR213_20240325$154500_1711360800.wav	
CAR213_20240325$164500_1711364400.wav	
CAR213_20240327$164500_1711537200.wav	
CAR213_20240327$174500_1711540800.wav	1074.656	1074.688	1074.72	1074.752	1074.784	1074.816	1074.848	1079.2	1079.232	1079.264	1079.296	1082.272	1082.304	1082.336	1082.368	1082.4	1082.432	1082.464	1088.768	1088.8	1088.832	1088.864	1088.896	1088.928	1088.96	1088.992	1096.256	1096.288	1096.32	1096.352	1096.384	1096.416	1096.448	1096.48	1099.04	1099.072	1099.104	1099.136	1099.168	1108.32	1108.352	1108.384	1108.416	1108.448	1108.48	1117.536	1117.568	1117.6	1117.632	1117.664	1117.696	1117.728	1125.632	1125.664	1125.696	1125.728	1125.76	1134.784	1134.816	1134.848	1134.88	1134.912	1134.944	1134.976	1135.008	1143.808	1143.84	1143.872	1143.904	1143.936	1143.968	1144.0	1147.072	1147.104	1147.136	1147.168	1147.2	1147.232	1147.264	1150.848	1150.88	1150.912	1150.944	1150.976	1151.008	1151.04	1159.168	1159.2	1159.232	1159.264	1169.632	1169.664	1169.696	1169.728	1169.76	1177.6	1181.088	1181.12	1181.152	1181.184	1181.216	1185.088	1188.864	1188.896	1188.928	1188.96	1237.408	1237.44	1237.472	1237.504	1244.064	1250.88	1250.912	1300.032	1300.064	1331.36	1404.288	1404.32	1404.352	1404.384	1404.416	1422.4	1422.432	1422.464	1422.496	1427.936	1427.968	1428.0	1428.032	1441.248	1449.824	1449.856	1449.888	1449.92	1452.096	1461.056	1461.088	1461.12	1461.152	1478.368	1478.4	1478.432	1483.2	1488.288	1510.688	1510.72	1510.752	1510.784	1513.472	1513.504	3567.776	3567.808	3567.84	3567.872	3578.08	3578.112	3587.776	
CAR217_20240325$082600_1711334460.wav	
CAR217_20240325$134500_1711353600.wav	
CAR217_20240325$154500_1711360800.wav	
CAR217_20240325$164500_1711364400.wav	
CAR217_20240325$174500_1711368000.wav	289.184	289.216	299.392	299.424	305.28	305.312	309.248	309.28	313.792	313.824	325.632	327.936	327.968	328.0	337.12	1257.76	1257.792	1257.824	1257.856	1257.888	1257.92	1257.952	1257.984	1258.016	1259.68	1259.712	1259.744	1259.776	1259.808	1259.84	3137.632	3383.744	3415.776	3415.808	3415.84	3415.872	3415.904	3415.936	3415.968	3416.0	3416.032	3416.064	3416.096	3416.128	3416.16	3416.192	3416.224	3416.256	3489.088	3489.12	3489.152	3489.184	3489.216	3489.248	3489.28	3489.312	3489.344	3489.376	3489.408	3489.44	3489.472	3489.504	3489.536	3489.568	3491.04	3491.072	3491.104	3491.136	3493.184	3493.216	3493.248	3493.28	3493.312	3493.344	3493.376	3493.408	3514.88	3514.912	3514.944	3514.976	3515.008	3515.04	3515.072	3515.104	3515.136	3515.168	3515.2	3515.232	3516.768	3516.8	3516.832	3516.864	3516.896	3516.928	
CAR217_20240326$184500_1711458000.wav	348.416	348.448	348.48	348.512	348.544	348.576	348.608	348.64	464.96	464.992	465.024	465.056	465.088	465.12	468.544	468.576	468.608	538.56	538.592	538.624	538.656	538.688	538.72	540.544	540.576	540.608	1512.288	1512.32	1512.384	1523.904	1523.936	1536.576	2991.52	2995.488	2995.52	2995.552	2995.584	2995.616	2995.648	2999.808	2999.84	2999.872	2999.904	2999.936	2999.968	3000.0	3003.104	3003.136	3003.168	3003.2	3005.664	3005.696	3012.704	3012.736	3012.768	3012.8	3012.832	3017.792	3017.824	3017.856	3017.888	3017.92	3033.952	3140.576	3549.856	3549.888	3549.92	3549.952	3549.984	3550.016	3550.048	
CAR217_20240327$114500_1711519200.wav	908.096	908.128	908.16	908.192	2406.688	2406.72	
CAR217_20240327$164500_1711537200.wav	
CAR217_20240327$174500_1711540800.wav	319.392	319.424	319.456	365.536	365.568	365.6	381.824	381.856	381.888	599.968	600.0	600.032	818.208	818.24	986.88	986.912	996.736	996.768	996.8	996.832	996.864	999.296	1019.52	1019.552	1053.376	1053.408	1074.272	1074.304	1074.336	1074.368	1078.752	1078.784	1078.816	1078.848	1078.88	1081.888	1081.92	1081.952	1081.984	1082.016	1082.048	1082.08	1082.112	1088.384	1088.416	1088.448	1088.48	1088.512	1088.544	1088.576	1095.872	1095.904	1095.936	1095.968	1096.0	1096.032	1096.064	1098.656	1098.688	1098.72	1098.752	1107.968	1108.0	1108.032	1117.088	1117.12	1117.152	1117.184	1117.216	1117.248	1117.28	1117.312	1117.344	1117.376	1125.216	1125.248	1125.28	1125.312	1125.344	1134.368	1134.4	1134.432	1134.464	1134.496	1134.528	1134.56	1134.592	1143.392	1143.424	1143.456	1143.488	1143.52	1143.552	1143.584	1146.656	1146.688	1146.72	1146.752	1146.784	1146.816	1150.464	1150.496	1150.528	1150.56	1150.592	1158.816	1169.248	1169.28	1169.312	1177.184	1177.216	1177.248	1180.672	1180.704	1180.736	1180.768	1180.8	1188.416	1188.448	1188.48	1188.512	1236.96	1236.992	1237.024	1237.056	1237.088	1243.648	1250.432	1250.464	1250.496	1282.88	1282.912	1282.944	1299.552	1299.584	1299.616	1316.448	1316.48	1316.512	1316.544	1330.88	1330.912	1330.944	1344.096	1344.128	1344.16	1403.904	1403.936	1403.968	1422.016	1427.552	1427.584	1440.768	1440.8	1440.832	1446.368	1446.4	1449.44	1449.472	1451.648	1460.608	1460.64	1482.72	1482.752	1482.784	1487.84	1487.872	1487.904	1510.24	1510.272	1510.304	1510.336	1510.368	1513.056	1513.088	1513.12	3127.776	3127.808	3555.232	3555.328	3555.36	3567.328	3567.36	3567.392	3567.424	3567.456	3567.488	3567.52	3567.552	3567.584	3567.616	3567.68	3577.504	3577.536	3577.568	3577.632	3587.296	3587.392	3587.552	
