CAR204_20240323$135900_1711181640.wav	
CAR204_20240323$160400_1711189140.wav	
CAR204_20240325$075800_1711332780.wav	
CAR204_20240325$164500_1711364400.wav	486.912	554.176	554.24	748.16	748.224	763.584	1513.664	1513.728	1513.792	1518.464	1524.16	1528.64	1528.704	1533.44	1533.504	1533.568	1612.48	1612.544	1615.04	1615.104	1615.168	1658.688	1658.752	1667.84	1745.216	1745.28	1745.344	1748.48	1748.544	1748.608	1748.672	1761.664	1761.728	1764.544	1764.608	1767.36	1767.424	1767.488	2209.984	2726.912	2726.976	2739.712	2782.016	2782.08	2782.144	3009.344	3009.408	3126.656	3128.384	
CAR204_20240326$144500_1711443600.wav	1367.232	1367.296	1371.264	1378.496	1378.56	1383.488	1383.552	1389.632	1389.696	1409.152	1409.216	1412.288	1412.352	1412.416	1453.568	2807.232	
CAR204_20240327$094500_1711512000.wav	
CAR204_20240327$124500_1711522800.wav	
CAR204_20240327$144500_1711530000.wav	80.448	80.512	
CAR204_20240327$174500_1711540800.wav	242.304	251.136	251.2	251.264	261.44	261.504	261.568	261.632	261.696	271.488	271.552	271.616	982.208	986.496	986.56	988.032	996.416	996.48	998.848	998.912	998.976	1006.464	1009.536	1009.6	1019.072	1019.136	1019.2	1026.368	1026.432	1026.496	1048.128	1048.192	1048.256	1048.32	1053.056	1059.328	1073.728	1073.792	1073.856	1073.92	1073.984	1074.048	1074.112	1078.272	1078.336	1078.4	1078.464	1078.528	1081.408	1081.472	1081.536	1081.6	1081.664	1087.872	1087.936	1088.0	1088.064	1088.128	1088.192	1095.36	1095.424	1095.488	1095.552	1095.616	1095.68	1098.112	1098.176	1098.24	1098.304	1098.368	1107.392	1107.456	1107.52	1107.584	1116.608	1116.672	1116.736	1116.8	1116.864	1116.928	1124.672	1124.736	1124.8	1124.864	1124.928	1133.888	1133.952	1134.016	1134.08	1134.144	1134.208	1142.848	1142.912	1142.976	1143.04	1143.104	1143.168	1146.112	1146.176	1146.24	1146.304	1146.368	1149.952	1150.016	1150.08	1150.144	1150.208	1158.272	1158.336	1158.4	1168.704	1168.768	1168.832	1168.896	1168.96	1172.736	1172.8	1172.864	1172.928	1176.576	1176.64	1176.704	1176.768	1176.832	1176.896	1180.16	1180.224	1180.288	1180.352	1180.416	1187.904	1187.968	1188.032	1188.096	1196.672	1196.736	1196.8	1196.864	1207.488	1207.552	1207.616	1207.68	1211.136	1211.2	1211.264	1220.288	1220.352	1220.416	1220.48	1220.544	1220.608	1236.48	1236.544	1236.608	1267.392	1289.024	1293.056	1293.12	1293.184	1293.248	1304.128	1313.92	1320.96	1321.024	1337.92	1337.984	1349.056	1352.64	1352.704	1363.904	1363.968	1364.032	1403.392	1403.456	1403.52	1421.504	1421.568	1427.072	1427.136	1430.656	1430.72	1440.32	1445.824	1445.888	1445.952	1446.016	1457.6	1457.664	1460.096	1460.16	1460.224	1471.936	2495.616	2495.68	2495.744	2495.808	2495.872	2495.936	2693.504	2693.568	2693.632	2693.696	3465.664	3554.304	3554.368	3554.432	3554.496	3566.4	3566.464	3566.528	3576.576	3576.64	3586.368	3586.432	3586.496	
CAR204_20240328$094500_1711598400.wav	1096.704	1110.656	
CAR204_20240328$164500_1711623600.wav	1624.96	1628.928	1631.36	1631.424	1631.488	1633.92	1633.984	1636.672	1636.736	1636.8	1639.168	1639.232	1639.296	1643.392	1643.456	1643.52	1646.912	1646.976	1650.24	1650.304	1654.4	1666.24	1666.304	1666.368	1666.432	1669.888	1669.952	1673.536	1673.6	1673.664	1692.672	1713.024	1713.088	1721.024	1749.76	1757.76	
CAR204_20240329$154500_1711706400.wav	
CAR213_20240325$084500_1711335600.wav	
CAR213_20240325$154500_1711360800.wav	
CAR213_20240325$164500_1711364400.wav	
CAR213_20240327$164500_1711537200.wav	439.808	474.56	601.6	
CAR213_20240327$174500_1711540800.wav	262.08	262.144	282.624	282.688	282.752	282.816	722.816	983.488	1074.432	1074.496	1074.56	1074.624	1078.912	1078.976	1079.04	1079.104	1079.168	1082.048	1082.112	1082.176	1082.24	1088.512	1088.576	1088.64	1088.704	1088.768	1088.832	1096.064	1096.128	1096.192	1098.816	1098.88	1098.944	1108.032	1108.096	1108.16	1108.224	1117.312	1117.376	1117.44	1117.504	1117.568	1125.376	1125.44	1125.504	1125.568	1134.592	1134.656	1134.72	1134.784	1143.616	1143.68	1143.744	1143.808	1146.88	1146.944	1147.008	1150.656	1150.72	1150.784	1169.408	1169.472	1169.536	1173.44	1173.504	1173.568	1177.28	1177.344	1177.408	1177.472	1180.8	1180.864	1180.928	1180.992	1198.272	1220.928	1220.992	1221.056	1221.12	1221.184	1314.56	1314.624	1321.664	1321.728	1338.56	1345.024	1349.632	1353.216	1353.28	1353.344	1357.504	1357.568	1404.032	1404.096	1404.16	1404.224	1440.96	1441.024	1446.464	1446.528	1446.592	1446.656	1460.864	2677.888	2693.76	2693.824	2693.888	
CAR217_20240325$082600_1711334460.wav	
CAR217_20240325$134500_1711353600.wav	
CAR217_20240325$154500_1711360800.wav	
CAR217_20240325$164500_1711364400.wav	
CAR217_20240325$174500_1711368000.wav	1259.456	1472.32	1472.384	1966.848	2020.544	2020.608	2046.272	2112.512	2120.832	2151.296	3489.024	3489.088	3489.152	3489.216	3489.28	3489.344	3489.408	3489.472	3490.88	3490.944	3491.008	3491.072	3491.136	3491.2	3492.992	3493.056	3493.12	3493.184	3493.248	3493.312	3493.376	3493.44	3514.816	3514.88	3514.944	3515.008	3515.072	3515.136	3515.2	3516.544	3516.608	3516.672	3516.736	3516.8	3516.864	
CAR217_20240326$184500_1711458000.wav	466.304	466.368	466.432	468.352	468.416	468.48	468.544	536.384	536.512	590.08	590.144	590.208	590.272	590.336	590.4	590.464	590.528	1034.112	1034.176	1035.904	1041.408	1043.264	1061.696	1065.984	1066.048	1068.224	1081.664	1087.68	1514.752	1845.056	1845.12	1845.248	1845.312	2999.68	2999.744	3017.6	3017.664	3017.728	3020.864	3020.928	3020.992	3033.728	3033.792	3057.984	3067.392	3067.456	3140.352	3140.416	3524.608	
CAR217_20240327$114500_1711519200.wav	907.712	907.776	907.84	907.904	2409.152	2409.216	2409.28	2409.344	
CAR217_20240327$164500_1711537200.wav	
CAR217_20240327$174500_1711540800.wav	242.368	242.432	251.136	251.2	251.264	251.328	261.504	261.568	261.632	261.696	271.552	271.616	271.68	282.176	282.24	282.304	986.56	986.624	986.688	999.04	1019.2	1019.264	1019.328	1026.496	1026.56	1048.192	1048.256	1048.32	1048.384	1053.12	1053.184	1074.048	1074.112	1074.176	1074.24	1078.528	1078.592	1078.656	1078.72	1078.784	1081.664	1081.728	1081.792	1081.856	1088.128	1088.192	1088.256	1088.32	1088.384	1095.616	1095.68	1095.744	1095.808	1095.872	1098.368	1098.432	1098.496	1098.56	1107.776	1116.864	1116.928	1116.992	1117.056	1124.992	1125.056	1125.12	1134.144	1134.208	1134.272	1134.336	1134.4	1143.168	1143.232	1143.296	1143.36	1146.432	1146.496	1146.56	1146.624	1150.208	1150.272	1150.336	1153.664	1153.728	1153.792	1153.856	1169.024	1169.088	1176.832	1176.896	1176.96	1177.024	1180.352	1180.416	1180.48	1180.544	1188.224	1188.288	1196.864	1196.928	1196.992	1197.056	1220.544	1220.608	1220.672	1220.736	1220.8	1236.8	1352.832	1352.896	1364.16	1364.224	1364.288	1403.648	1403.712	1446.016	1446.08	1446.144	1446.208	1460.416	1477.696	2495.808	2495.936	2693.824	3077.888	3127.552	3127.616	3144.704	3144.768	3144.832	3183.552	3183.616	3183.68	3183.744	3196.224	3196.288	
