CAR204_20240323$135900_1711181640.wav	
CAR204_20240323$160400_1711189140.wav	
CAR204_20240325$075800_1711332780.wav	
CAR204_20240325$164500_1711364400.wav	762.944	763.008	1744.704	1747.968	1748.032	2149.248	2149.312	2149.376	
CAR204_20240326$144500_1711443600.wav	
CAR204_20240327$094500_1711512000.wav	
CAR204_20240327$124500_1711522800.wav	
CAR204_20240327$144500_1711530000.wav	
CAR204_20240327$174500_1711540800.wav	1073.088	1073.152	1073.216	1073.28	1073.344	1073.408	1077.696	1077.76	1080.768	1080.832	1080.896	1080.96	1081.024	1087.296	1087.36	1087.424	1087.488	1087.552	1094.784	1094.848	1094.912	1094.976	1097.6	1097.664	1106.816	1106.88	1106.944	1107.008	1107.072	1116.032	1116.096	1116.16	1116.224	1116.288	1124.096	1124.16	1124.224	1124.288	1124.352	1133.248	1133.312	1133.376	1133.44	1133.504	1133.568	1142.272	1142.336	1142.4	1142.464	1142.528	1145.6	1145.664	1145.728	1145.792	1149.376	1149.44	1149.504	1149.568	1157.696	1157.76	1168.128	1168.192	1168.256	1179.648	3554.24	3554.304	3554.368	3554.432	3554.496	3566.272	3566.336	3566.4	3566.464	3566.528	3566.592	3566.656	3576.512	3576.576	3576.64	3576.704	3585.856	3586.304	3586.368	3586.432	3586.496	3586.56	
CAR204_20240328$094500_1711598400.wav	
CAR204_20240328$164500_1711623600.wav	1624.384	1628.288	1628.352	1673.024	1692.032	1692.096	1720.384	1720.448	1749.056	1749.12	1749.184	1763.072	1768.384	
CAR204_20240329$154500_1711706400.wav	
CAR213_20240325$084500_1711335600.wav	
CAR213_20240325$154500_1711360800.wav	
CAR213_20240325$164500_1711364400.wav	
CAR213_20240327$164500_1711537200.wav	
CAR213_20240327$174500_1711540800.wav	1073.856	1073.92	1073.984	1078.4	1081.408	1081.472	1081.536	1081.6	1087.936	1088.0	1088.064	1088.128	1088.192	1095.424	1095.488	1095.552	1095.616	1098.24	1107.456	1107.52	1107.584	1107.648	1116.736	1116.8	1116.864	1116.928	1124.736	1124.8	1124.864	1124.928	1133.952	1134.016	1134.08	1134.144	1143.04	1143.104	1143.168	1146.24	1146.304	1146.368	1146.432	1150.08	1150.144	1150.208	3554.944	3566.912	3566.976	3567.04	3567.104	3577.152	3577.216	3577.28	3586.944	3587.008	3587.072	3587.136	
CAR217_20240325$082600_1711334460.wav	
CAR217_20240325$134500_1711353600.wav	
CAR217_20240325$154500_1711360800.wav	
CAR217_20240325$164500_1711364400.wav	
CAR217_20240325$174500_1711368000.wav	1256.896	1256.96	1257.024	1257.088	1257.152	1257.216	1258.816	1258.88	3414.848	3414.912	3414.976	3415.04	3415.104	3415.168	3415.232	3415.296	3415.36	3415.424	3415.488	3415.552	3415.616	3415.68	3488.192	3488.256	3488.32	3488.384	3488.448	3488.512	3488.576	3488.64	3488.704	3488.768	3488.832	3488.896	3513.984	3514.048	3514.112	3514.176	3514.24	3514.304	3514.368	3514.432	3514.496	3515.968	3516.032	
CAR217_20240326$184500_1711458000.wav	347.648	347.712	347.776	347.84	464.128	464.192	464.256	537.792	537.856	537.92	2990.656	2990.72	2994.624	2994.688	2994.752	2994.816	2998.976	2999.04	2999.104	2999.168	3011.904	3016.896	3016.96	3017.024	3017.088	3033.152	3548.864	3548.992	3549.056	3549.12	3549.184	3549.248	3549.312	
CAR217_20240327$114500_1711519200.wav	907.2	907.264	
CAR217_20240327$164500_1711537200.wav	
CAR217_20240327$174500_1711540800.wav	1073.408	1073.472	1073.536	1077.888	1077.952	1078.016	1078.08	1081.024	1081.088	1081.152	1081.216	1087.552	1087.616	1087.68	1087.744	1095.04	1095.104	1095.168	1107.136	1107.2	1116.288	1116.352	1116.416	1116.48	1124.352	1124.416	1124.48	1124.544	1133.568	1133.632	1133.696	1133.76	1142.528	1142.592	1142.656	1142.72	1142.784	1145.856	1145.92	1149.632	1149.696	1149.76	3554.432	3554.496	3554.56	3554.624	3554.688	3566.528	3566.592	3566.656	3566.72	3566.784	3566.848	3566.912	3576.768	3576.832	3576.896	3586.496	3586.56	3586.624	3586.688	3586.752	
