CAR204_20240323$135900_1711181640.wav	
CAR204_20240323$160400_1711189140.wav	
CAR204_20240325$075800_1711332780.wav	
CAR204_20240325$164500_1711364400.wav	553.856	1513.408	1513.472	1518.144	1533.184	1533.248	1614.784	1744.896	1744.96	1745.024	1748.16	1748.224	1748.288	1748.352	1767.104	1767.168	2726.592	2726.656	2781.696	2781.76	2781.824	3009.088	
CAR204_20240326$144500_1711443600.wav	1366.912	1366.976	1378.24	1383.232	1389.376	1412.032	2806.912	
CAR204_20240327$094500_1711512000.wav	
CAR204_20240327$124500_1711522800.wav	
CAR204_20240327$144500_1711530000.wav	80.128	80.192	
CAR204_20240327$174500_1711540800.wav	250.944	261.184	261.248	261.312	981.888	986.24	998.592	998.656	1018.816	1018.88	1026.112	1047.872	1047.936	1073.408	1073.472	1073.536	1073.6	1073.664	1073.728	1073.792	1077.952	1078.016	1078.08	1078.144	1078.208	1081.088	1081.152	1081.216	1081.28	1081.344	1087.616	1087.68	1087.744	1087.808	1087.872	1095.04	1095.104	1095.168	1095.232	1095.296	1097.792	1097.856	1097.92	1097.984	1098.048	1107.072	1107.136	1107.2	1107.264	1116.288	1116.352	1116.416	1116.48	1116.544	1124.352	1124.416	1124.48	1124.544	1124.608	1133.568	1133.632	1133.696	1133.76	1133.824	1142.592	1142.656	1142.72	1142.784	1145.856	1145.92	1145.984	1146.048	1149.632	1149.696	1149.76	1149.824	1149.888	1168.384	1168.448	1168.512	1168.576	1172.48	1172.544	1176.32	1176.384	1176.448	1176.512	1179.904	1179.968	1180.032	1187.648	1187.712	1196.352	1196.416	1196.48	1207.232	1207.296	1220.032	1220.096	1220.16	1220.224	1292.8	1292.864	1403.136	2495.296	2495.36	2495.488	2495.552	2693.184	2693.248	2693.312	2693.376	3554.112	3566.08	3566.144	3586.048	3586.112	
CAR204_20240328$094500_1711598400.wav	
CAR204_20240328$164500_1711623600.wav	1624.64	1631.104	1631.168	1633.664	1636.416	1636.48	1638.912	1638.976	1643.136	1643.2	1646.592	1646.656	1649.984	1665.984	1666.048	1669.632	1673.28	1673.344	1712.768	1720.704	1749.44	
CAR204_20240329$154500_1711706400.wav	
CAR213_20240325$084500_1711335600.wav	
CAR213_20240325$154500_1711360800.wav	
CAR213_20240325$164500_1711364400.wav	
CAR213_20240327$164500_1711537200.wav	
CAR213_20240327$174500_1711540800.wav	282.368	722.496	1074.112	1074.176	1074.24	1074.304	1078.656	1078.72	1078.784	1081.792	1081.856	1081.92	1088.256	1088.32	1088.384	1088.448	1088.512	1095.744	1095.808	1095.872	1098.56	1098.624	1107.712	1107.776	1107.84	1107.904	1117.056	1117.12	1117.184	1125.12	1125.184	1134.272	1134.336	1134.4	1134.464	1143.36	1143.424	1143.488	1146.56	1146.624	1146.688	1150.336	1150.4	1150.464	1169.152	1169.216	1173.184	1176.96	1177.024	1177.088	1177.152	1180.544	1180.608	1180.672	1220.672	1220.736	1220.8	1403.84	2693.504	2693.568	
CAR217_20240325$082600_1711334460.wav	
CAR217_20240325$134500_1711353600.wav	
CAR217_20240325$154500_1711360800.wav	
CAR217_20240325$164500_1711364400.wav	
CAR217_20240325$174500_1711368000.wav	1472.064	2020.224	3488.704	3488.768	3488.832	3488.896	3488.96	3489.024	3489.088	3489.152	3489.216	3490.624	3490.688	3490.752	3490.816	3490.88	3492.736	3492.8	3492.864	3492.928	3492.992	3493.056	3493.12	3514.56	3514.624	3514.688	3514.752	3514.816	3514.88	3516.288	3516.352	3516.416	3516.48	3516.544	
CAR217_20240326$184500_1711458000.wav	466.048	466.112	468.032	468.096	468.16	468.224	589.824	589.888	589.952	590.016	590.08	590.144	590.208	1844.992	3017.28	3017.344	3020.608	3020.672	3033.408	3033.472	3067.072	3067.136	3140.032	3140.096	
CAR217_20240327$114500_1711519200.wav	907.392	907.456	907.52	907.584	
CAR217_20240327$164500_1711537200.wav	
CAR217_20240327$174500_1711540800.wav	250.88	250.944	251.008	261.184	261.248	261.312	271.232	271.296	271.36	986.304	986.368	1018.944	1019.008	1026.176	1026.24	1047.936	1048.0	1073.792	1073.856	1078.208	1078.272	1078.336	1078.4	1081.408	1081.472	1081.536	1087.872	1087.936	1088.0	1088.064	1095.296	1095.36	1095.424	1095.488	1095.552	1098.112	1098.176	1116.544	1116.608	1116.672	1116.736	1124.736	1133.888	1133.952	1134.016	1134.08	1142.912	1142.976	1146.176	1146.24	1149.952	1150.016	1153.472	1153.536	1176.576	1176.64	1176.704	1180.16	1196.672	3127.232	3127.296	3183.296	3183.36	
