CAR204_20240323$135900_1711181640.wav	
CAR204_20240323$160400_1711189140.wav	
CAR204_20240325$075800_1711332780.wav	
CAR204_20240325$164500_1711364400.wav	763.648	763.712	763.776	763.84	1533.76	1566.912	1615.232	1615.296	1615.36	1631.424	1635.264	1635.328	1648.0	1655.552	1655.616	1668.032	1668.096	1745.408	1745.472	1745.536	1748.672	1748.736	1748.8	1748.864	1748.928	1761.92	1764.736	1764.8	1764.864	1767.488	1767.616	1767.68	2150.08	2150.144	2150.208	2439.808	2439.872	
CAR204_20240326$144500_1711443600.wav	
CAR204_20240327$094500_1711512000.wav	
CAR204_20240327$124500_1711522800.wav	
CAR204_20240327$144500_1711530000.wav	
CAR204_20240327$174500_1711540800.wav	872.832	872.896	975.744	988.16	988.224	988.288	995.264	996.672	1048.448	1073.92	1073.984	1074.048	1074.112	1074.176	1074.24	1078.4	1078.464	1078.528	1078.592	1078.656	1081.6	1081.664	1081.728	1081.792	1081.856	1088.0	1088.064	1088.128	1088.192	1088.256	1088.32	1088.384	1095.552	1095.616	1095.68	1095.744	1095.808	1095.872	1098.304	1098.368	1098.432	1098.496	1098.56	1107.584	1107.648	1107.712	1107.776	1107.84	1107.904	1116.8	1116.864	1116.928	1116.992	1117.056	1117.12	1124.864	1124.928	1124.992	1125.056	1125.12	1125.184	1134.016	1134.08	1134.144	1134.208	1134.272	1134.336	1134.4	1143.04	1143.104	1143.168	1143.232	1143.296	1143.36	1146.368	1146.432	1146.496	1146.56	1146.624	1150.08	1150.144	1150.208	1150.272	1150.336	1150.4	1158.4	1158.464	1158.528	1158.592	1158.656	1168.896	1168.96	1169.024	1169.088	1169.152	1172.928	1172.992	1173.056	1173.12	1174.72	1176.832	1176.896	1176.96	1177.024	1180.352	1180.416	1180.48	1180.544	1180.608	1182.4	1182.464	1184.448	1188.096	1188.16	1188.224	1188.288	1196.864	1196.928	1196.992	1197.056	1200.768	1200.832	1207.68	1207.744	1207.808	1207.872	1207.936	1211.328	1211.392	1211.456	1218.304	1218.368	1224.384	1224.448	1224.512	1226.432	1236.608	1236.672	1236.736	1236.8	1236.864	1243.264	1243.328	1243.392	1243.456	1250.048	1250.112	1250.176	1250.24	1250.304	1256.512	1256.576	1256.64	1264.896	1264.96	1265.024	1265.088	1277.952	1278.016	1278.08	1282.496	1282.56	1282.624	1282.688	1282.752	1289.792	1289.856	1299.264	1299.328	1299.392	1299.456	1316.16	1316.224	1316.288	1316.352	1321.024	1321.088	1321.152	1321.216	1325.376	1330.56	1330.624	1330.688	1330.752	1339.648	1339.712	1343.808	1343.872	1343.936	1356.992	1357.056	1357.12	1367.744	1367.808	1367.872	1403.584	1403.648	1403.712	1403.776	1421.632	1421.696	1421.76	1421.824	1427.2	1427.264	1427.328	1427.392	1430.72	1430.784	1430.848	1430.912	1430.976	1440.448	1440.512	1440.576	1445.952	1446.016	1446.08	1446.144	1449.152	1451.392	1457.728	1457.792	1457.856	1457.92	1460.224	1460.288	1460.352	1460.416	1460.48	1462.848	1465.92	1477.504	1477.568	1477.632	1477.696	1477.76	1482.368	1482.432	1482.496	1482.56	1487.488	1487.552	1487.616	1487.68	1509.888	1509.952	1510.016	1510.08	1512.768	1512.832	2496.192	3258.496	3555.008	3555.072	3555.136	3555.2	3555.264	3555.328	3566.592	3566.656	3566.72	3567.104	3567.168	3567.232	3567.296	3567.36	3567.424	3576.832	3576.896	3577.28	3577.344	3577.408	3577.472	3577.536	3586.496	3586.56	3586.624	3586.688	3586.752	3587.136	3587.2	3587.264	3587.328	3587.392	
CAR204_20240328$094500_1711598400.wav	
CAR204_20240328$164500_1711623600.wav	1563.264	1563.328	1563.392	1570.88	1570.944	1625.088	1625.152	1625.216	1629.056	1629.12	1629.184	1631.616	1631.68	1631.744	1634.048	1634.112	1634.176	1634.24	1636.864	1636.928	1636.992	1639.424	1639.488	1639.552	1643.648	1643.712	1647.104	1647.168	1654.528	1654.592	1654.656	1663.04	1663.104	1663.168	1663.232	1666.496	1666.56	1666.624	1670.08	1670.144	1670.208	1673.728	1673.792	1673.856	1692.8	1692.864	1692.928	1713.216	1713.28	1713.344	1721.152	1721.216	1721.28	1749.824	1749.888	1749.952	1750.016	1757.952	1758.016	1763.84	1763.904	1769.152	1769.216	1775.36	1782.464	1782.528	
CAR204_20240329$154500_1711706400.wav	
CAR213_20240325$084500_1711335600.wav	
CAR213_20240325$154500_1711360800.wav	
CAR213_20240325$164500_1711364400.wav	
CAR213_20240327$164500_1711537200.wav	
CAR213_20240327$174500_1711540800.wav	1074.624	1074.688	1074.752	1074.816	1079.104	1079.168	1079.232	1079.296	1082.176	1082.24	1082.304	1082.368	1082.432	1082.496	1088.704	1088.768	1088.832	1088.896	1088.96	1089.024	1096.192	1096.256	1096.32	1096.384	1096.448	1099.008	1099.072	1099.136	1108.224	1108.288	1108.352	1108.416	1108.48	1117.44	1117.504	1117.568	1117.632	1117.696	1117.76	1125.504	1125.568	1125.632	1125.696	1125.76	1134.72	1134.784	1134.848	1134.912	1134.976	1135.04	1143.744	1143.808	1143.872	1143.936	1144.0	1147.008	1147.072	1147.136	1147.2	1147.264	1150.784	1150.848	1150.912	1150.976	1151.04	1159.168	1159.232	1169.536	1169.6	1169.664	1169.728	1169.792	1173.568	1173.632	1177.536	1177.6	1180.992	1181.056	1181.12	1181.184	1181.248	1183.104	1185.088	1188.8	1188.864	1188.928	1188.992	1208.448	1218.88	1218.944	1219.008	1225.152	1227.2	1237.312	1237.376	1237.44	1237.504	1244.032	1250.88	1250.944	1278.592	1278.656	1278.72	1283.264	1283.328	1283.392	1299.968	1300.032	1300.096	1316.928	1321.792	1321.856	1331.264	1331.328	1331.392	1344.512	1344.576	1357.76	1404.224	1404.288	1404.352	1422.336	1422.4	1422.464	1427.904	1427.968	1428.032	1441.216	1446.72	1446.784	1446.848	1449.792	1449.856	1452.032	1460.928	1460.992	1461.056	1461.12	1461.184	1463.552	1467.52	1478.208	1478.272	1478.336	1478.4	1478.464	1483.072	1483.136	1483.2	1488.256	1488.32	1510.656	1510.72	1510.784	3555.712	3555.776	3567.68	3567.744	3567.808	3567.872	3567.936	3568.0	3577.856	3577.92	3577.984	3578.048	3578.112	3587.648	3587.712	3587.776	3587.84	3587.904	3587.968	
CAR217_20240325$082600_1711334460.wav	
CAR217_20240325$134500_1711353600.wav	
CAR217_20240325$154500_1711360800.wav	
CAR217_20240325$164500_1711364400.wav	
CAR217_20240325$174500_1711368000.wav	1257.664	1257.728	1257.792	1257.856	1257.92	1257.984	1258.048	1259.456	1259.52	1259.584	1259.648	1259.712	1259.776	3135.808	3415.68	3415.744	3415.808	3415.872	3415.936	3416.0	3416.064	3416.128	3416.192	3416.256	3416.32	3416.384	3488.96	3489.024	3489.088	3489.152	3489.216	3489.28	3489.344	3489.408	3489.472	3489.536	3491.072	3491.136	3491.2	3493.056	3493.12	3493.184	3493.248	3493.312	3493.376	3514.752	3514.816	3514.88	3514.944	3515.008	3515.072	3515.136	3515.2	3515.264	3516.672	3516.736	3516.8	3516.864	3516.928	
CAR217_20240326$184500_1711458000.wav	348.544	464.832	464.96	465.024	465.088	468.544	538.368	538.432	538.496	538.56	538.624	538.688	1512.256	1512.32	1523.84	1523.904	2991.424	2991.488	2991.552	2995.392	2995.456	2995.52	2995.584	2995.648	2999.744	2999.808	2999.872	2999.936	3000.0	3003.072	3003.136	3003.2	3005.568	3005.632	3012.608	3012.672	3012.736	3012.8	3017.728	3017.792	3017.856	3017.92	3021.056	3021.12	3021.184	3024.384	3024.448	3033.856	3033.92	3033.984	3096.576	3096.64	3140.544	3140.608	3549.632	3549.696	3549.76	3549.824	3549.888	3549.952	3550.016	3550.08	3569.088	
CAR217_20240327$114500_1711519200.wav	907.968	908.032	908.096	
CAR217_20240327$164500_1711537200.wav	
CAR217_20240327$174500_1711540800.wav	986.88	996.736	996.8	1019.392	1019.456	1019.52	1053.376	1074.176	1074.24	1074.304	1074.368	1074.432	1078.656	1078.72	1078.784	1078.848	1078.912	1078.976	1081.792	1081.856	1081.92	1081.984	1082.048	1082.112	1088.256	1088.32	1088.384	1088.448	1088.512	1088.576	1095.808	1095.872	1095.936	1096.0	1096.064	1098.624	1098.688	1098.752	1107.904	1107.968	1108.032	1108.096	1116.992	1117.056	1117.12	1117.184	1117.248	1117.312	1117.376	1125.056	1125.12	1125.184	1125.248	1125.312	1125.376	1134.272	1134.336	1134.4	1134.464	1134.528	1134.592	1134.656	1143.296	1143.36	1143.424	1143.488	1143.552	1143.616	1146.624	1146.688	1146.752	1146.816	1146.88	1150.272	1150.336	1150.4	1150.464	1150.528	1150.592	1158.72	1158.784	1158.848	1158.912	1169.088	1169.152	1169.216	1169.28	1169.344	1176.96	1177.024	1177.088	1177.152	1177.216	1177.28	1180.544	1180.608	1180.672	1180.736	1180.8	1184.576	1188.352	1188.416	1188.48	1188.544	1197.12	1197.184	1208.0	1208.064	1224.704	1224.768	1236.928	1236.992	1237.056	1237.12	1243.52	1243.584	1243.648	1250.368	1250.432	1250.496	1250.56	1265.216	1278.144	1278.208	1278.272	1282.816	1282.88	1282.944	1283.008	1299.52	1299.584	1299.648	1316.416	1316.48	1316.544	1321.28	1321.344	1321.408	1325.632	1330.752	1330.816	1330.88	1330.944	1331.008	1344.064	1344.128	1344.192	1357.312	1403.84	1403.904	1403.968	1421.952	1422.016	1422.08	1427.52	1427.584	1440.704	1440.768	1440.832	1446.272	1446.336	1446.4	1446.464	1451.584	1451.648	1460.544	1460.608	1460.672	1460.736	1463.04	1463.104	1466.176	1466.24	1466.304	1472.384	1472.448	1477.824	1477.888	1477.952	1478.016	1478.08	1482.688	1482.752	1482.816	1487.744	1487.808	1487.872	1487.936	1510.208	1510.272	1510.336	1510.4	1513.024	1513.088	2539.84	3196.48	3196.544	3555.264	3555.328	3555.392	3555.456	3555.52	3567.296	3567.36	3567.424	3567.488	3567.552	3567.616	3567.68	3567.744	3577.408	3577.472	3577.536	3577.6	3577.664	3577.728	3577.792	3587.264	3587.328	3587.392	3587.456	3587.52	3587.584	
