CAR204_20240323$135900_1711181640.wav	
CAR204_20240323$160400_1711189140.wav	
CAR204_20240325$075800_1711332780.wav	
CAR204_20240325$164500_1711364400.wav	1699.968	
CAR204_20240326$144500_1711443600.wav	
CAR204_20240327$094500_1711512000.wav	
CAR204_20240327$124500_1711522800.wav	
CAR204_20240327$144500_1711530000.wav	
CAR204_20240327$174500_1711540800.wav	1073.024	1073.152	1073.28	1080.832	1087.104	1087.232	1087.36	1087.488	1094.656	1094.784	1094.912	1106.688	1106.816	1106.944	1115.904	1116.032	1116.16	1123.968	1124.096	1124.224	1133.184	1133.312	1133.44	1142.144	1142.272	1142.4	1145.6	1149.312	1149.44	1168.128	1235.84	1277.056	3554.304	3554.432	3565.696	3565.824	3565.952	3566.08	3566.208	3566.336	3566.464	3575.936	3576.064	3576.448	3576.576	3576.704	3585.664	3585.792	3585.92	3586.048	3586.176	3586.304	3586.432	3586.56	
CAR204_20240328$094500_1711598400.wav	
CAR204_20240328$164500_1711623600.wav	1719.936	
CAR204_20240329$154500_1711706400.wav	
CAR213_20240325$084500_1711335600.wav	
CAR213_20240325$154500_1711360800.wav	
CAR213_20240325$164500_1711364400.wav	
CAR213_20240327$164500_1711537200.wav	
CAR213_20240327$174500_1711540800.wav	1087.872	1088.0	1107.456	1133.824	1133.952	1134.08	1146.24	1477.376	3566.848	3577.088	3586.816	3586.944	
CAR217_20240325$082600_1711334460.wav	
CAR217_20240325$134500_1711353600.wav	
CAR217_20240325$154500_1711360800.wav	
CAR217_20240325$164500_1711364400.wav	
CAR217_20240325$174500_1711368000.wav	1256.832	3414.656	3414.784	3414.912	3415.04	3415.168	3415.296	3415.424	3415.552	3488.0	3488.128	3488.256	3488.384	3488.512	3488.64	3513.856	3513.984	3514.112	3514.24	3514.368	3515.648	3515.776	3515.904	3516.032	
CAR217_20240326$184500_1711458000.wav	2994.56	2994.688	3002.24	3011.84	3016.832	3016.96	3032.704	3032.832	3032.96	3033.088	3549.056	
CAR217_20240327$114500_1711519200.wav	
CAR217_20240327$164500_1711537200.wav	
CAR217_20240327$174500_1711540800.wav	1087.488	1087.616	1095.04	1107.072	1116.288	1124.224	1124.352	1133.44	1133.568	1142.4	1142.528	1142.656	3566.464	3566.592	3566.72	3566.848	3576.704	3576.832	3576.96	3586.432	3586.56	3586.688	
