CAR204_20240323$135900_1711181640.wav	
CAR204_20240323$160400_1711189140.wav	
CAR204_20240325$075800_1711332780.wav	
CAR204_20240325$164500_1711364400.wav	475.328	475.36	475.392	475.424	487.072	487.104	487.136	487.168	536.96	554.368	554.4	568.8	568.832	568.864	574.88	574.912	748.384	748.416	748.448	748.48	1513.888	1513.92	1513.952	1513.984	1514.016	1524.352	1524.384	1524.416	1524.448	1528.864	1528.896	1528.928	1528.96	1533.696	1533.728	1533.76	1533.792	1566.88	1612.672	1612.704	1612.736	1612.768	1615.296	1615.328	1615.36	1615.392	1648.0	1655.552	1658.912	1658.944	1658.976	1668.032	1668.064	1700.864	1719.84	1719.872	1745.44	1745.472	1745.504	1745.536	1745.568	1745.6	1748.736	1748.768	1748.8	1748.832	1748.864	1748.896	1761.856	1761.888	1761.92	1761.952	1764.768	1764.8	1764.832	1764.864	1767.648	1767.68	1767.712	1821.184	1824.736	1824.768	1856.864	1856.896	1907.712	1907.744	1907.776	2150.176	2210.144	2210.176	2210.208	2210.24	2210.272	2211.456	2211.488	2211.52	2235.072	2235.104	2727.136	2727.168	2727.2	2727.232	2739.904	2739.936	2739.968	2782.208	2782.24	2782.272	2782.304	2782.336	2783.872	2783.904	2783.936	2783.968	3009.536	3009.568	3009.6	3009.632	3009.664	
CAR204_20240326$144500_1711443600.wav	132.576	132.608	132.64	132.672	132.704	132.736	1364.096	1364.128	1367.392	1367.424	1367.456	1367.488	1367.52	1367.552	1371.424	1371.456	1371.488	1371.52	1371.552	1378.688	1378.72	1378.752	1378.784	1378.816	1383.744	1383.776	1383.808	1383.84	1389.856	1389.888	1389.92	1389.952	1389.984	1403.68	1403.712	1409.376	1409.408	1409.44	1409.472	1409.504	1412.512	1412.544	1412.576	1412.608	1412.64	1417.216	1417.248	1417.28	1417.312	1425.344	1434.144	1434.176	1453.76	1453.792	2807.424	2807.456	2807.488	2808.352	2808.384	2808.416	2809.312	2811.168	2812.096	2813.984	2815.936	2819.84	
CAR204_20240327$094500_1711512000.wav	
CAR204_20240327$124500_1711522800.wav	
CAR204_20240327$144500_1711530000.wav	80.672	80.704	
CAR204_20240327$174500_1711540800.wav	242.528	242.56	242.592	242.624	242.656	251.328	251.36	251.392	251.424	251.456	251.488	251.52	261.664	261.696	261.728	261.76	261.792	261.824	261.856	271.744	271.776	271.808	271.84	271.872	282.432	282.464	381.76	381.792	591.104	591.136	591.168	599.744	610.528	641.216	641.248	641.28	725.664	725.696	725.728	760.608	760.64	760.672	760.704	796.416	796.448	796.48	796.512	890.848	982.336	982.368	982.4	982.432	982.464	982.496	986.72	986.752	986.784	986.816	988.224	988.256	988.288	988.32	996.608	996.64	996.672	996.704	996.736	999.104	999.136	999.168	999.2	999.232	999.264	1006.592	1006.624	1006.656	1006.688	1006.72	1009.728	1009.76	1009.792	1009.824	1019.36	1019.392	1019.424	1019.456	1026.592	1026.624	1026.656	1026.688	1026.72	1038.784	1048.384	1048.416	1048.448	1048.48	1048.512	1053.184	1053.216	1053.248	1053.28	1053.312	1059.52	1059.552	1074.016	1074.048	1074.08	1074.112	1074.144	1074.176	1074.208	1074.24	1074.272	1078.528	1078.56	1078.592	1078.624	1078.656	1078.688	1081.664	1081.696	1081.728	1081.76	1081.792	1081.824	1081.856	1088.16	1088.192	1088.224	1088.256	1088.288	1088.32	1088.352	1095.616	1095.648	1095.68	1095.712	1095.744	1095.776	1095.808	1098.368	1098.4	1098.432	1098.464	1098.496	1098.528	1098.56	1107.712	1107.744	1107.776	1116.864	1116.896	1116.928	1116.96	1116.992	1117.024	1117.056	1117.088	1124.928	1124.96	1124.992	1125.024	1125.056	1125.088	1125.12	1134.144	1134.176	1134.208	1134.24	1134.272	1134.304	1134.336	1134.368	1143.168	1143.2	1143.232	1143.264	1143.296	1143.328	1146.368	1146.4	1146.432	1146.464	1146.496	1146.528	1146.56	1146.592	1150.176	1150.208	1150.24	1150.272	1150.304	1150.336	1150.368	1158.56	1158.592	1158.624	1169.024	1169.056	1169.088	1172.96	1172.992	1173.024	1173.056	1173.088	1173.12	1176.832	1176.864	1176.896	1176.928	1176.96	1176.992	1177.024	1177.056	1180.384	1180.416	1180.448	1180.48	1180.512	1180.544	1180.576	1182.432	1182.464	1188.192	1188.224	1188.256	1196.864	1196.896	1196.928	1196.96	1196.992	1197.024	1197.056	1207.744	1207.776	1207.808	1207.84	1207.872	1220.544	1220.576	1220.608	1220.64	1220.672	1220.704	1220.736	1220.768	1220.8	1236.768	1236.8	1256.576	1267.648	1304.352	1304.384	1307.04	1314.144	1314.176	1338.112	1338.144	1352.8	1352.832	1352.864	1352.896	1364.128	1364.16	1364.192	1364.224	1364.256	1403.616	1403.648	1403.68	1403.712	1403.744	1421.728	1421.76	1421.792	1421.824	1427.264	1427.296	1427.328	1427.36	1430.848	1430.88	1430.912	1430.944	1440.544	1446.048	1446.08	1446.112	1446.144	1446.176	1446.208	1447.84	1447.872	1451.36	1451.392	1457.824	1457.856	1457.888	1460.288	1460.32	1460.352	1460.384	1462.784	1462.816	1466.08	1472.128	1472.16	1472.192	1482.496	1509.984	1510.016	2495.808	2495.968	2496.0	2510.112	2693.76	2693.792	3078.08	3078.112	3078.144	3078.176	3258.496	3409.728	3554.592	3554.624	3554.656	3566.624	3566.656	3576.8	3586.592	3586.624	
CAR204_20240328$094500_1711598400.wav	1096.896	1110.88	
CAR204_20240328$164500_1711623600.wav	1570.88	1570.912	1621.856	1621.888	1625.12	1625.152	1625.184	1625.216	1625.248	1629.088	1629.12	1629.152	1629.184	1631.616	1631.648	1631.68	1631.712	1631.744	1631.776	1634.144	1634.176	1634.208	1634.24	1636.896	1636.928	1636.96	1636.992	1637.024	1637.056	1639.424	1639.456	1639.488	1639.52	1639.552	1643.616	1643.648	1643.68	1643.712	1643.744	1647.104	1647.136	1647.168	1647.2	1650.464	1650.496	1650.528	1650.56	1654.56	1654.592	1654.624	1654.656	1663.168	1663.2	1663.232	1666.464	1666.496	1666.528	1666.56	1666.592	1666.624	1670.112	1670.144	1670.176	1670.208	1673.76	1673.792	1673.824	1673.856	1673.888	1692.832	1692.864	1692.896	1713.248	1713.28	1713.312	1713.344	1721.216	1721.248	1721.28	1749.92	1749.952	1749.984	1757.92	1757.952	1757.984	1758.016	1763.84	1763.872	1763.904	1763.936	1769.184	1769.216	1775.328	1782.432	1782.464	2166.368	
CAR204_20240329$154500_1711706400.wav	
CAR213_20240325$084500_1711335600.wav	
CAR213_20240325$154500_1711360800.wav	
CAR213_20240325$164500_1711364400.wav	
CAR213_20240327$164500_1711537200.wav	438.336	439.968	440.0	440.032	455.744	455.776	474.72	474.752	474.784	474.816	476.736	476.768	601.824	601.856	
CAR213_20240327$174500_1711540800.wav	252.032	262.304	262.336	262.368	262.4	272.32	272.352	272.384	272.416	282.848	282.88	282.912	282.944	282.976	283.008	283.04	722.976	723.008	723.04	723.072	723.104	723.136	983.68	983.712	983.744	983.776	986.432	986.464	986.496	1061.888	1061.92	1061.952	1074.688	1074.72	1074.752	1074.784	1074.816	1074.848	1079.168	1079.2	1079.232	1079.264	1079.296	1079.328	1079.36	1082.336	1082.368	1082.4	1082.432	1082.464	1088.832	1088.864	1088.896	1088.928	1088.96	1088.992	1089.024	1096.288	1096.32	1096.352	1096.384	1096.416	1096.448	1099.008	1099.04	1099.072	1099.104	1099.136	1108.352	1108.384	1108.416	1108.448	1117.568	1117.6	1117.632	1117.664	1117.696	1125.696	1125.728	1134.88	1134.912	1134.944	1134.976	1143.904	1143.936	1143.968	1147.104	1147.136	1147.168	1147.2	1147.232	1150.912	1150.944	1150.976	1169.632	1169.664	1169.696	1169.728	1169.76	1173.664	1173.696	1173.728	1173.76	1177.536	1177.568	1177.6	1177.632	1177.664	1181.056	1181.088	1181.12	1181.152	1181.184	1181.216	1185.056	1221.216	1221.248	1298.08	1314.784	1314.816	1321.888	1338.752	1338.784	1347.04	1353.44	1353.472	1353.504	1353.536	1357.76	1404.288	1404.32	1404.352	1404.384	1404.416	1441.184	1441.216	1441.248	1446.784	1446.816	1446.848	1446.88	1452.064	1452.096	1461.024	1461.056	1463.488	1463.52	2693.984	2694.016	2694.048	2694.08	3078.272	3078.304	3078.336	
CAR217_20240325$082600_1711334460.wav	
CAR217_20240325$134500_1711353600.wav	
CAR217_20240325$154500_1711360800.wav	
CAR217_20240325$164500_1711364400.wav	
CAR217_20240325$174500_1711368000.wav	283.2	289.216	289.248	305.216	305.248	305.28	309.216	309.248	309.28	309.312	313.792	327.936	327.968	328.0	1254.592	1259.744	1259.776	1472.544	2112.736	2130.176	2130.208	2151.52	3089.568	3489.376	3489.408	3489.44	3489.472	3489.504	3489.536	3489.568	3489.6	3489.632	3489.664	3489.696	3491.104	3491.136	3491.168	3491.2	3491.232	3491.264	3491.296	3491.328	3491.36	3491.392	3493.248	3493.28	3493.312	3493.344	3493.376	3493.408	3493.44	3493.472	3493.504	3493.536	3493.568	3493.6	3515.104	3515.136	3515.168	3515.2	3515.232	3515.264	3515.296	3515.328	3516.832	3516.864	3516.896	3516.928	3516.96	3516.992	3517.024	3517.056	3517.088	
CAR217_20240326$184500_1711458000.wav	316.16	316.192	465.12	465.152	465.184	466.496	466.528	466.56	466.592	466.624	466.656	466.688	468.576	468.608	468.64	468.672	468.704	468.736	468.768	512.992	536.64	536.672	590.336	590.368	590.4	590.432	590.464	590.496	1024.416	1027.904	1027.936	1034.304	1034.336	1036.096	1036.128	1041.568	1041.6	1043.424	1043.456	1043.488	1059.68	1061.824	1061.856	1061.888	1064.064	1066.208	1066.24	1068.352	1068.384	1081.888	1081.92	1083.808	1085.856	1087.904	1087.936	1096.32	1096.352	1098.464	1100.608	1117.984	1118.016	1120.032	1124.224	1145.888	1512.256	1512.288	1512.32	1512.352	1514.912	1514.944	1514.976	1515.008	1845.248	1848.768	1848.8	1848.832	1848.864	1848.896	1850.624	1850.656	1850.688	1855.648	1855.68	1856.544	1856.576	1863.136	2999.904	2999.936	2999.968	3005.664	3005.696	3012.736	3012.768	3017.76	3017.792	3017.824	3017.856	3017.888	3017.92	3021.12	3021.152	3021.184	3041.12	3067.616	3084.736	3140.544	3140.576	3140.608	
CAR217_20240327$114500_1711519200.wav	846.496	908.0	908.032	908.064	908.096	908.128	908.16	908.192	2395.84	2395.872	2395.904	2409.472	2409.504	2409.536	2409.568	
CAR217_20240327$164500_1711537200.wav	
CAR217_20240327$174500_1711540800.wav	242.592	242.624	242.656	242.688	251.36	251.392	251.424	251.456	251.488	251.52	251.552	261.696	261.728	261.76	261.792	261.824	261.856	261.888	261.92	271.744	271.776	271.808	271.84	271.872	271.904	282.4	282.432	282.464	282.496	282.528	282.56	986.816	986.848	986.88	986.912	996.736	996.768	999.2	999.232	999.264	999.296	999.328	1006.752	1009.824	1009.856	1019.456	1019.488	1019.52	1026.688	1026.72	1026.752	1026.784	1026.816	1048.448	1048.48	1048.512	1048.544	1048.576	1048.608	1053.312	1053.344	1053.376	1053.408	1074.336	1078.784	1078.816	1078.848	1078.88	1078.912	1081.888	1081.92	1081.952	1081.984	1082.016	1082.048	1084.096	1084.128	1088.416	1088.448	1088.48	1088.512	1088.544	1088.576	1095.872	1095.904	1095.936	1095.968	1096.0	1096.032	1098.624	1098.656	1098.688	1107.36	1117.184	1117.216	1117.248	1125.248	1125.28	1134.432	1134.464	1134.496	1134.528	1134.56	1134.592	1143.424	1143.456	1143.488	1143.52	1143.552	1146.688	1146.72	1146.752	1153.888	1153.92	1153.952	1153.984	1154.016	1154.048	1168.352	1169.248	1169.28	1177.088	1177.12	1177.152	1177.184	1177.216	1180.64	1180.672	1180.704	1180.736	1188.448	1188.48	1197.12	1197.152	1197.184	1197.216	1403.84	1403.872	1403.904	1403.936	1440.768	1446.304	1446.336	1446.368	1446.4	1446.432	1451.616	1460.608	1477.984	1478.016	1647.68	1647.712	1647.744	1907.328	3078.048	3078.08	3078.112	3078.144	3127.744	3127.776	3127.808	3127.84	3144.992	3145.024	3145.056	3145.088	3145.12	
