CAR204_20240323$135900_1711181640.wav	
CAR204_20240323$160400_1711189140.wav	
CAR204_20240325$075800_1711332780.wav	
CAR204_20240325$164500_1711364400.wav	1700.352	1700.48	1719.296	1720.32	
CAR204_20240326$144500_1711443600.wav	
CAR204_20240327$094500_1711512000.wav	
CAR204_20240327$124500_1711522800.wav	
CAR204_20240327$144500_1711530000.wav	
CAR204_20240327$174500_1711540800.wav	1073.28	1073.408	1073.536	1073.664	1081.088	1081.216	1087.488	1087.616	1087.744	1087.872	1094.912	1095.04	1095.168	1095.296	1097.984	1106.944	1107.072	1107.2	1107.328	1116.16	1116.288	1116.416	1116.544	1124.224	1124.352	1124.48	1124.608	1133.568	1133.696	1133.824	1142.4	1142.528	1142.656	1142.784	1145.856	1145.984	1149.568	1149.696	1149.824	1158.016	1168.384	1168.512	1180.032	1187.712	1236.096	1236.224	1249.664	1277.44	1277.568	1320.576	1330.176	1421.184	1440.0	1440.128	1477.12	1477.248	3554.048	3554.176	3554.56	3554.688	3554.816	3565.952	3566.08	3566.208	3566.336	3566.464	3566.592	3566.72	3566.848	3576.32	3576.448	3576.704	3576.832	3576.96	3577.088	3586.048	3586.176	3586.304	3586.432	3586.56	3586.688	3586.816	3586.944	
CAR204_20240328$094500_1711598400.wav	
CAR204_20240328$164500_1711623600.wav	1720.32	
CAR204_20240329$154500_1711706400.wav	
CAR213_20240325$084500_1711335600.wav	
CAR213_20240325$154500_1711360800.wav	
CAR213_20240325$164500_1711364400.wav	
CAR213_20240327$164500_1711537200.wav	
CAR213_20240327$174500_1711540800.wav	1088.256	1088.384	1107.712	1107.84	1125.12	1134.208	1134.336	1134.464	1146.624	1169.152	1278.08	1278.208	1477.76	1477.888	3555.2	3567.232	3567.36	3567.488	3577.472	3577.6	3587.2	3587.328	
CAR217_20240325$082600_1711334460.wav	
CAR217_20240325$134500_1711353600.wav	
CAR217_20240325$154500_1711360800.wav	
CAR217_20240325$164500_1711364400.wav	
CAR217_20240325$174500_1711368000.wav	1257.216	1257.344	1259.008	3415.04	3415.168	3415.296	3415.424	3415.552	3415.68	3415.808	3415.936	3488.384	3488.512	3488.64	3488.768	3488.896	3489.024	3490.304	3492.608	3492.736	3514.112	3514.24	3514.368	3514.496	3514.624	3514.752	3516.032	3516.16	3516.288	3516.416	
CAR217_20240326$184500_1711458000.wav	2994.944	2995.072	3002.624	3012.224	3017.088	3017.216	3017.344	3033.088	3033.216	3033.344	3033.472	3549.184	3549.312	3549.44	3568.256	3568.384	3568.512	3568.64	
CAR217_20240327$114500_1711519200.wav	
CAR217_20240327$164500_1711537200.wav	
CAR217_20240327$174500_1711540800.wav	1073.792	1078.144	1078.272	1081.344	1081.472	1087.744	1087.872	1088.0	1095.296	1095.424	1107.456	1116.544	1116.672	1124.608	1124.736	1133.824	1133.952	1134.08	1142.784	1142.912	1143.04	1149.952	1168.768	1180.032	1236.48	1277.696	1330.304	1440.256	1440.384	1477.376	1477.504	3554.816	3555.072	3566.848	3566.976	3567.104	3567.232	3577.088	3577.216	3577.344	3586.432	3586.816	3586.944	3587.072	
