CAR204_20240323$135900_1711181640.wav	
CAR204_20240323$160400_1711189140.wav	
CAR204_20240325$075800_1711332780.wav	
CAR204_20240325$164500_1711364400.wav	1700.608	1700.736	1701.12	1719.552	1720.064	1720.576	1720.704	
CAR204_20240326$144500_1711443600.wav	
CAR204_20240327$094500_1711512000.wav	
CAR204_20240327$124500_1711522800.wav	
CAR204_20240327$144500_1711530000.wav	
CAR204_20240327$174500_1711540800.wav	1073.536	1073.664	1073.792	1073.92	1078.272	1081.344	1081.472	1081.6	1087.616	1087.744	1087.872	1088.0	1088.128	1095.168	1095.296	1095.424	1095.552	1098.112	1098.24	1107.072	1107.2	1107.328	1107.456	1107.584	1116.416	1116.544	1116.672	1116.8	1124.48	1124.608	1124.736	1124.864	1133.696	1133.824	1133.952	1134.08	1142.656	1142.784	1142.912	1143.04	1143.168	1146.112	1146.24	1149.824	1149.952	1150.08	1158.272	1168.64	1168.768	1172.608	1180.16	1180.288	1187.84	1187.968	1196.544	1200.512	1200.64	1207.552	1211.008	1211.136	1236.352	1236.48	1243.136	1249.92	1277.696	1277.824	1282.432	1299.072	1315.84	1315.968	1320.704	1320.832	1320.96	1330.304	1330.432	1343.616	1367.424	1367.552	1403.264	1403.392	1421.312	1421.44	1426.944	1427.072	1430.4	1430.528	1440.0	1440.128	1440.256	1440.384	1445.632	1445.76	1445.888	1460.096	1460.224	1477.248	1477.376	1477.504	1487.36	1509.632	1509.76	2495.616	2495.744	2495.872	3554.176	3554.304	3554.432	3554.56	3554.816	3554.944	3555.072	3555.2	3566.208	3566.336	3566.464	3566.592	3566.72	3566.848	3566.976	3567.104	3567.232	3576.576	3576.704	3576.96	3577.088	3577.216	3577.344	3586.304	3586.432	3586.56	3586.688	3586.816	3586.944	3587.072	3587.2	
CAR204_20240328$094500_1711598400.wav	
CAR204_20240328$164500_1711623600.wav	1712.64	1720.576	1757.312	
CAR204_20240329$154500_1711706400.wav	
CAR213_20240325$084500_1711335600.wav	
CAR213_20240325$154500_1711360800.wav	
CAR213_20240325$164500_1711364400.wav	
CAR213_20240327$164500_1711537200.wav	
CAR213_20240327$174500_1711540800.wav	1074.432	1088.384	1088.512	1088.64	1107.968	1108.096	1117.312	1125.376	1134.336	1134.464	1134.592	1134.72	1143.68	1146.752	1146.88	1150.72	1169.28	1169.408	1278.336	1278.464	1440.896	1460.736	1477.888	1478.016	1478.144	1510.4	3555.456	3567.488	3567.616	3567.744	3577.216	3577.6	3577.728	3577.856	3587.328	3587.456	3587.584	3587.712	
CAR217_20240325$082600_1711334460.wav	
CAR217_20240325$134500_1711353600.wav	
CAR217_20240325$154500_1711360800.wav	
CAR217_20240325$164500_1711364400.wav	
CAR217_20240325$174500_1711368000.wav	1257.344	1257.472	1257.6	1259.264	3415.168	3415.296	3415.424	3415.552	3415.68	3415.808	3415.936	3416.064	3416.192	3488.512	3488.64	3488.768	3488.896	3489.024	3489.152	3489.28	3490.56	3490.688	3490.816	3492.736	3492.864	3492.992	3514.368	3514.496	3514.624	3514.752	3514.88	3515.008	3516.288	3516.416	3516.544	3516.672	
CAR217_20240326$184500_1711458000.wav	1512.064	1845.12	2991.232	2995.2	2995.328	2999.552	2999.68	3002.88	3012.352	3012.48	3017.344	3017.472	3017.6	3033.344	3033.472	3033.6	3033.728	3549.44	3549.568	3549.696	3549.824	3568.512	3568.64	3568.768	3568.896	
CAR217_20240327$114500_1711519200.wav	2395.392	
CAR217_20240327$164500_1711537200.wav	
CAR217_20240327$174500_1711540800.wav	1073.92	1074.048	1078.4	1078.528	1081.6	1081.728	1088.0	1088.128	1088.256	1095.552	1095.68	1107.584	1107.712	1116.8	1116.928	1117.056	1124.736	1124.864	1124.992	1133.952	1134.08	1134.208	1134.336	1142.912	1143.04	1143.168	1143.296	1146.368	1146.496	1149.952	1150.08	1150.208	1150.336	1168.896	1169.024	1176.704	1176.832	1180.288	1180.416	1236.608	1236.736	1277.952	1278.08	1330.432	1330.56	1330.688	1343.872	1403.52	1403.648	1421.696	1427.2	1440.512	1440.64	1440.896	1446.016	1460.352	1465.856	1465.984	1477.504	1477.632	1477.76	1487.36	1487.488	1487.616	1510.016	3555.072	3555.328	3567.104	3567.232	3567.36	3567.488	3577.216	3577.344	3577.472	3577.6	3586.56	3586.688	3586.816	3586.944	3587.072	3587.2	3587.328	3587.456	
