CAR204_20240323$135900_1711181640.wav	
CAR204_20240323$160400_1711189140.wav	
CAR204_20240325$075800_1711332780.wav	
CAR204_20240325$164500_1711364400.wav	553.536	1517.824	1532.864	1532.928	1744.576	1744.64	1744.704	1747.904	1747.968	2726.336	2781.376	2781.44	3008.768	
CAR204_20240326$144500_1711443600.wav	1377.92	1389.056	1411.712	
CAR204_20240327$094500_1711512000.wav	
CAR204_20240327$124500_1711522800.wav	
CAR204_20240327$144500_1711530000.wav	79.808	79.872	
CAR204_20240327$174500_1711540800.wav	260.928	260.992	998.272	998.336	1047.552	1047.616	1073.152	1073.216	1073.28	1073.344	1073.408	1073.472	1077.696	1077.76	1077.824	1080.832	1080.896	1080.96	1087.296	1087.36	1087.424	1087.488	1087.552	1094.784	1094.848	1094.912	1094.976	1097.536	1097.6	1097.664	1106.752	1106.816	1106.88	1106.944	1116.032	1116.096	1116.16	1116.224	1124.096	1124.16	1124.224	1124.288	1133.248	1133.312	1133.376	1133.44	1133.504	1142.272	1142.336	1142.4	1142.464	1145.536	1145.6	1145.664	1145.728	1149.376	1149.44	1149.504	1168.128	1168.192	1168.256	1176.064	1176.128	1176.192	1179.648	1219.776	2495.232	2692.928	2692.992	2693.056	3553.792	3565.824	3585.792	
CAR204_20240328$094500_1711598400.wav	
CAR204_20240328$164500_1711623600.wav	1630.784	1630.848	1633.344	1636.096	1638.592	1642.816	1642.88	1649.664	1665.664	1665.728	1672.96	1720.384	
CAR204_20240329$154500_1711706400.wav	
CAR213_20240325$084500_1711335600.wav	
CAR213_20240325$154500_1711360800.wav	
CAR213_20240325$164500_1711364400.wav	
CAR213_20240327$164500_1711537200.wav	
CAR213_20240327$174500_1711540800.wav	282.048	1073.792	1073.856	1073.92	1073.984	1078.336	1078.4	1078.464	1081.472	1081.536	1081.6	1087.936	1088.0	1088.064	1088.128	1088.192	1095.424	1095.488	1095.552	1107.392	1107.456	1107.52	1107.584	1116.736	1116.8	1116.864	1124.864	1133.952	1134.016	1134.08	1134.144	1143.04	1143.104	1146.304	1146.368	1150.08	1150.144	1168.896	1176.704	1176.768	1176.832	1180.288	1180.352	2693.184	
CAR217_20240325$082600_1711334460.wav	
CAR217_20240325$134500_1711353600.wav	
CAR217_20240325$154500_1711360800.wav	
CAR217_20240325$164500_1711364400.wav	
CAR217_20240325$174500_1711368000.wav	3488.448	3488.512	3488.576	3488.64	3488.704	3488.768	3488.832	3488.896	3490.304	3490.368	3490.432	3490.496	3490.56	3492.48	3492.544	3492.608	3492.672	3492.736	3492.8	3514.304	3514.368	3514.432	3514.496	3514.56	3516.032	3516.096	3516.16	3516.224	
CAR217_20240326$184500_1711458000.wav	467.776	467.84	589.568	589.632	589.696	589.76	3016.96	3017.024	3020.288	3033.088	
CAR217_20240327$114500_1711519200.wav	907.072	907.136	907.2	907.264	
CAR217_20240327$164500_1711537200.wav	
CAR217_20240327$174500_1711540800.wav	250.56	250.624	250.688	260.928	985.984	986.048	1018.624	1018.688	1047.616	1047.68	1073.472	1073.536	1077.952	1078.016	1078.08	1081.088	1081.152	1087.552	1087.616	1087.68	1094.976	1095.04	1095.104	1095.168	1095.232	1124.416	1133.568	1133.632	1133.696	1142.592	1142.656	1145.856	1145.92	1149.632	1176.32	
