CAR204_20240323$135900_1711181640.wav	
CAR204_20240323$160400_1711189140.wav	
CAR204_20240325$075800_1711332780.wav	
CAR204_20240325$164500_1711364400.wav	763.2	763.264	763.328	1614.848	1744.96	1745.024	1748.224	1748.288	1748.352	1767.168	2149.568	2149.632	2149.696	
CAR204_20240326$144500_1711443600.wav	
CAR204_20240327$094500_1711512000.wav	
CAR204_20240327$124500_1711522800.wav	
CAR204_20240327$144500_1711530000.wav	
CAR204_20240327$174500_1711540800.wav	987.776	1073.408	1073.472	1073.536	1073.6	1073.664	1073.728	1077.952	1078.016	1078.08	1078.144	1081.088	1081.152	1081.216	1081.28	1081.344	1087.552	1087.616	1087.68	1087.744	1087.808	1087.872	1095.104	1095.168	1095.232	1095.296	1095.36	1097.856	1097.92	1097.984	1098.048	1107.136	1107.2	1107.264	1107.328	1107.392	1116.352	1116.416	1116.48	1116.544	1116.608	1124.416	1124.48	1124.544	1124.608	1124.672	1133.568	1133.632	1133.696	1133.76	1133.824	1133.888	1142.592	1142.656	1142.72	1142.784	1142.848	1145.856	1145.92	1145.984	1146.048	1146.112	1149.632	1149.696	1149.76	1149.824	1149.888	1157.952	1158.016	1158.08	1158.144	1168.448	1168.512	1168.576	1172.48	1176.384	1176.448	1179.904	1179.968	1187.648	1187.712	1207.232	1207.296	1236.224	1236.288	1249.664	3554.496	3554.56	3554.624	3554.688	3554.752	3554.816	3566.592	3566.656	3566.72	3566.784	3566.848	3566.912	3576.384	3576.768	3576.832	3576.896	3576.96	3577.024	3586.112	3586.176	3586.624	3586.688	3586.752	3586.816	3586.88	
CAR204_20240328$094500_1711598400.wav	
CAR204_20240328$164500_1711623600.wav	1624.64	1624.704	1628.544	1628.608	1628.672	1631.168	1633.664	1638.976	1665.984	1666.048	1673.28	1673.344	1692.352	1692.416	1720.704	1720.768	1749.376	1749.44	1749.504	1763.392	1768.704	
CAR204_20240329$154500_1711706400.wav	
CAR213_20240325$084500_1711335600.wav	
CAR213_20240325$154500_1711360800.wav	
CAR213_20240325$164500_1711364400.wav	
CAR213_20240327$164500_1711537200.wav	
CAR213_20240327$174500_1711540800.wav	1074.176	1074.24	1074.304	1078.72	1078.784	1081.728	1081.792	1081.856	1081.92	1088.256	1088.32	1088.384	1088.448	1088.512	1095.744	1095.808	1095.872	1095.936	1098.56	1098.624	1107.712	1107.776	1107.84	1107.904	1107.968	1116.992	1117.056	1117.12	1117.184	1117.248	1125.056	1125.12	1125.184	1125.248	1134.272	1134.336	1134.4	1134.464	1134.528	1143.296	1143.36	1143.424	1143.488	1146.56	1146.624	1146.688	1146.752	1150.336	1150.4	1150.464	1150.528	1169.152	1169.216	1180.544	1180.608	1236.928	1477.824	1477.888	3555.264	3567.232	3567.296	3567.36	3567.424	3577.408	3577.472	3577.536	3577.6	3587.2	3587.264	3587.328	3587.392	3587.456	
CAR217_20240325$082600_1711334460.wav	
CAR217_20240325$134500_1711353600.wav	
CAR217_20240325$154500_1711360800.wav	
CAR217_20240325$164500_1711364400.wav	
CAR217_20240325$174500_1711368000.wav	1257.152	1257.216	1257.28	1257.344	1257.408	1257.472	1257.536	1259.008	1259.072	1259.136	1259.2	1259.264	3415.168	3415.232	3415.296	3415.36	3415.424	3415.488	3415.552	3415.616	3415.68	3415.744	3415.808	3415.872	3488.512	3488.576	3488.64	3488.704	3488.768	3488.832	3488.896	3488.96	3489.024	3489.088	3489.152	3490.56	3490.624	3492.672	3492.736	3492.8	3492.864	3514.304	3514.368	3514.432	3514.496	3514.56	3514.624	3514.688	3514.752	3514.816	3516.224	3516.288	3516.352	3516.416	
CAR217_20240326$184500_1711458000.wav	348.032	348.096	464.448	464.512	464.576	537.92	537.984	538.048	538.112	538.176	538.24	2990.976	2991.04	2994.944	2995.008	2995.072	2995.136	2999.296	2999.36	2999.424	2999.488	3002.56	3002.624	3002.688	3012.16	3012.224	3012.288	3017.216	3017.28	3017.344	3017.408	3033.408	3033.472	3549.184	3549.248	3549.312	3549.376	3549.44	3549.504	3549.568	3549.632	
CAR217_20240327$114500_1711519200.wav	907.52	907.584	
CAR217_20240327$164500_1711537200.wav	
CAR217_20240327$174500_1711540800.wav	1073.728	1073.792	1073.856	1078.208	1078.272	1078.336	1078.4	1081.344	1081.408	1081.472	1081.536	1081.6	1087.872	1087.936	1088.0	1088.064	1095.296	1095.36	1095.424	1095.488	1095.552	1107.392	1107.456	1107.52	1116.544	1116.608	1116.672	1116.736	1116.8	1116.864	1124.608	1124.672	1124.736	1124.8	1124.864	1133.888	1133.952	1134.016	1134.08	1142.848	1142.912	1142.976	1143.04	1143.104	1146.176	1146.24	1146.304	1149.888	1149.952	1150.016	1150.08	1168.704	1168.768	1168.832	1176.576	1176.64	1176.704	1180.096	1180.16	1180.224	1236.48	1236.544	3554.752	3554.816	3554.88	3554.944	3555.008	3566.848	3566.912	3566.976	3567.04	3567.104	3567.168	3567.232	3576.96	3577.024	3577.088	3577.152	3577.216	3586.752	3586.816	3586.88	3586.944	3587.008	3587.072	
