CAR204_20240323$135900_1711181640.wav	
CAR204_20240323$160400_1711189140.wav	
CAR204_20240325$075800_1711332780.wav	
CAR204_20240325$164500_1711364400.wav	475.168	475.2	475.232	486.944	486.976	487.008	554.208	554.24	748.256	748.288	748.32	1513.76	1513.792	1513.824	1513.856	1524.192	1524.224	1524.256	1528.736	1528.768	1528.8	1533.536	1533.568	1533.6	1533.632	1612.512	1612.544	1612.576	1612.608	1615.136	1615.168	1615.2	1658.784	1658.816	1745.28	1745.312	1745.344	1745.376	1745.408	1745.44	1748.608	1748.64	1748.672	1748.704	1748.736	1761.728	1761.76	1761.792	1764.608	1764.64	1764.672	1764.704	1767.488	1767.52	1767.552	1824.576	1824.608	1907.552	1907.584	2210.016	2210.048	2210.08	2234.912	2234.944	2727.008	2727.04	2727.072	2739.744	2739.776	2782.048	2782.08	2782.112	2782.144	2782.176	2783.744	2783.776	3009.376	3009.408	3009.44	3009.472	3009.504	
CAR204_20240326$144500_1711443600.wav	132.416	132.448	132.48	132.512	132.544	132.576	1363.936	1363.968	1367.264	1367.296	1367.328	1367.36	1367.392	1371.264	1371.296	1371.328	1371.36	1371.392	1378.528	1378.56	1378.592	1378.624	1378.656	1383.616	1383.648	1383.68	1389.696	1389.728	1389.76	1389.792	1389.824	1403.52	1403.552	1409.216	1409.248	1409.28	1409.312	1412.352	1412.384	1412.416	1412.448	1412.48	1417.056	1417.088	1417.12	1417.152	1453.632	2808.192	2808.224	2808.256	
CAR204_20240327$094500_1711512000.wav	
CAR204_20240327$124500_1711522800.wav	
CAR204_20240327$144500_1711530000.wav	80.512	80.544	80.576	
CAR204_20240327$174500_1711540800.wav	242.4	242.432	242.464	242.496	251.2	251.232	251.264	251.296	251.328	261.536	261.568	261.6	261.632	261.664	261.696	271.616	271.648	271.68	271.712	381.632	590.944	590.976	591.008	641.088	641.12	725.504	725.536	725.568	760.448	760.48	760.512	796.288	796.32	982.176	982.208	982.24	982.272	982.304	986.56	986.592	986.624	986.656	988.064	988.096	988.128	996.48	996.512	996.544	996.576	998.944	998.976	999.008	999.04	999.072	999.104	1006.464	1006.496	1006.528	1009.6	1009.632	1019.2	1019.232	1019.264	1019.296	1026.432	1026.464	1026.496	1026.528	1048.224	1048.256	1048.288	1048.32	1048.352	1053.056	1053.088	1053.12	1073.856	1073.888	1073.92	1073.952	1073.984	1074.016	1074.048	1074.08	1074.112	1078.368	1078.4	1078.432	1078.464	1078.496	1081.504	1081.536	1081.568	1081.6	1081.632	1081.664	1088.032	1088.064	1088.096	1088.128	1088.16	1088.192	1095.488	1095.52	1095.552	1095.584	1095.616	1095.648	1098.24	1098.272	1098.304	1098.336	1098.368	1098.4	1107.552	1107.584	1107.616	1116.736	1116.768	1116.8	1116.832	1116.864	1116.896	1124.768	1124.8	1124.832	1124.864	1124.896	1124.928	1124.96	1134.016	1134.048	1134.08	1134.112	1134.144	1134.176	1134.208	1143.04	1143.072	1143.104	1143.136	1143.168	1146.24	1146.272	1146.304	1146.336	1146.368	1146.4	1146.432	1150.048	1150.08	1150.112	1150.144	1150.176	1150.208	1168.896	1172.832	1172.864	1172.896	1172.928	1176.704	1176.736	1176.768	1176.8	1176.832	1176.864	1180.256	1180.288	1180.32	1180.352	1180.384	1196.736	1196.768	1196.8	1196.832	1196.864	1207.648	1207.68	1220.576	1364.032	1427.104	1427.136	1427.168	1430.72	1430.752	1445.952	1445.984	1446.016	1460.192	2495.84	3077.952	3077.984	3078.016	3554.464	3554.496	3586.464	
CAR204_20240328$094500_1711598400.wav	
CAR204_20240328$164500_1711623600.wav	1624.96	1624.992	1625.024	1625.056	1625.088	1628.96	1628.992	1629.024	1631.456	1631.488	1631.52	1631.552	1631.584	1631.616	1633.984	1634.016	1634.048	1634.08	1636.768	1636.8	1636.832	1636.864	1639.264	1639.296	1639.328	1639.36	1639.392	1643.488	1643.52	1643.552	1643.584	1646.976	1647.008	1647.04	1650.336	1650.368	1650.4	1654.432	1654.464	1654.496	1663.04	1666.336	1666.368	1666.4	1666.432	1666.464	1669.952	1669.984	1670.016	1670.048	1673.6	1673.632	1673.664	1673.696	1673.728	1692.672	1692.704	1713.088	1713.12	1713.152	1721.056	1721.088	1721.12	1749.792	1749.824	1757.792	1757.824	1763.712	1763.744	1769.024	1769.056	1782.272	1782.304	
CAR204_20240329$154500_1711706400.wav	
CAR213_20240325$084500_1711335600.wav	
CAR213_20240325$154500_1711360800.wav	
CAR213_20240325$164500_1711364400.wav	
CAR213_20240327$164500_1711537200.wav	439.84	474.592	474.624	474.656	476.608	
CAR213_20240327$174500_1711540800.wav	262.144	262.176	262.208	262.24	272.192	272.224	282.72	282.752	282.784	282.816	282.848	282.88	722.816	722.848	722.88	722.912	722.944	722.976	983.552	983.584	983.616	986.304	1061.728	1061.76	1061.792	1074.528	1074.56	1074.592	1074.624	1074.656	1074.688	1079.008	1079.04	1079.072	1079.104	1079.136	1079.168	1082.176	1082.208	1082.24	1082.272	1082.304	1088.672	1088.704	1088.736	1088.768	1088.8	1088.832	1088.864	1096.16	1096.192	1096.224	1096.256	1098.88	1098.912	1098.944	1098.976	1108.192	1108.224	1108.256	1108.288	1117.44	1117.472	1117.504	1117.536	1134.72	1134.752	1134.784	1143.744	1143.776	1146.944	1146.976	1147.008	1147.04	1150.752	1150.784	1150.816	1169.504	1169.536	1169.568	1169.6	1173.536	1173.568	1177.408	1177.44	1177.472	1177.504	1180.896	1180.928	1180.96	1180.992	1181.024	1353.312	1353.344	1404.16	1404.192	1441.056	1446.656	2693.824	2693.856	2693.888	2693.92	3078.112	3078.144	
CAR217_20240325$082600_1711334460.wav	
CAR217_20240325$134500_1711353600.wav	
CAR217_20240325$154500_1711360800.wav	
CAR217_20240325$164500_1711364400.wav	
CAR217_20240325$174500_1711368000.wav	305.088	309.056	309.088	309.12	309.152	327.776	327.808	3089.408	3489.216	3489.248	3489.28	3489.312	3489.344	3489.376	3489.408	3489.44	3489.472	3489.504	3489.536	3490.944	3490.976	3491.008	3491.04	3491.072	3491.104	3491.136	3491.168	3491.2	3491.232	3493.12	3493.152	3493.184	3493.216	3493.248	3493.28	3493.312	3493.344	3493.376	3493.408	3493.44	3514.944	3514.976	3515.008	3515.04	3515.072	3515.104	3515.136	3515.168	3516.672	3516.704	3516.736	3516.768	3516.8	3516.832	3516.864	3516.896	3516.928	
CAR217_20240326$184500_1711458000.wav	464.96	464.992	465.024	466.368	466.4	466.432	466.464	466.496	466.528	468.416	468.448	468.48	468.512	468.544	468.576	468.608	590.272	590.304	1027.744	1034.144	1035.936	1035.968	1041.44	1043.296	1061.696	1068.224	1512.128	1514.752	1514.784	1514.816	1514.848	1848.64	1848.672	1848.704	1850.496	1855.488	1855.52	1856.416	2999.744	2999.776	3017.632	3017.664	3017.696	3017.728	3020.96	3020.992	3140.416	3140.448	
CAR217_20240327$114500_1711519200.wav	907.84	907.872	907.904	907.936	907.968	908.0	908.032	2395.712	2395.744	2409.312	2409.344	2409.376	2409.408	
CAR217_20240327$164500_1711537200.wav	
CAR217_20240327$174500_1711540800.wav	251.232	251.264	251.296	251.328	251.36	251.392	261.536	261.568	261.6	261.632	261.664	261.696	261.728	261.76	271.616	271.648	271.68	271.712	271.744	282.272	282.304	282.336	282.368	986.688	986.72	986.752	999.072	999.104	999.136	1019.296	1019.328	1019.36	1026.528	1026.56	1026.592	1026.624	1048.288	1048.32	1048.352	1048.384	1048.416	1048.448	1053.184	1053.216	1078.624	1078.656	1078.688	1078.72	1078.752	1081.76	1081.792	1081.824	1081.856	1081.888	1088.256	1088.288	1088.32	1088.352	1088.384	1095.712	1095.744	1095.776	1095.808	1095.84	1095.872	1098.496	1117.056	1134.304	1134.336	1143.296	1143.328	1143.36	1146.56	1153.76	1153.792	1153.824	1153.856	1153.888	1169.12	1176.96	1176.992	1177.024	1180.544	1403.712	1403.744	1446.176	1446.208	1446.24	3077.888	3077.92	3077.952	3077.984	3127.616	3127.648	3144.864	3144.896	3144.928	3144.96	
