CAR204_20240323$135900_1711181640.wav	
CAR204_20240323$160400_1711189140.wav	
CAR204_20240325$075800_1711332780.wav	
CAR204_20240325$164500_1711364400.wav	763.776	763.84	763.904	763.968	1524.544	1533.824	1533.888	1540.48	1567.04	1577.152	1580.096	1608.704	1608.768	1615.36	1615.424	1615.488	1631.296	1631.36	1631.488	1631.552	1635.392	1635.456	1648.064	1648.128	1655.68	1655.744	1668.096	1668.16	1668.224	1701.376	1701.504	1745.536	1745.6	1745.664	1745.728	1748.8	1748.864	1748.928	1748.992	1749.056	1762.048	1764.864	1764.928	1764.992	1767.616	1767.68	1767.744	1767.808	1824.832	1824.896	1879.104	2150.144	2150.208	2150.272	2150.336	2421.696	2439.936	2440.0	2482.432	
CAR204_20240326$144500_1711443600.wav	
CAR204_20240327$094500_1711512000.wav	
CAR204_20240327$124500_1711522800.wav	
CAR204_20240327$144500_1711530000.wav	
CAR204_20240327$174500_1711540800.wav	641.408	641.472	796.608	796.672	872.96	873.024	975.808	975.872	975.936	980.288	988.288	988.352	988.416	995.328	995.392	995.456	996.8	999.296	1004.16	1019.392	1033.6	1048.576	1048.64	1053.376	1074.048	1074.112	1074.176	1074.24	1074.304	1074.368	1078.464	1078.528	1078.592	1078.656	1078.72	1078.784	1081.664	1081.728	1081.792	1081.856	1081.92	1081.984	1088.128	1088.192	1088.256	1088.32	1088.384	1088.448	1088.512	1095.68	1095.744	1095.808	1095.872	1095.936	1096.0	1098.432	1098.496	1098.56	1098.624	1098.688	1098.752	1107.712	1107.776	1107.84	1107.904	1107.968	1108.032	1116.928	1116.992	1117.056	1117.12	1117.184	1117.248	1124.928	1124.992	1125.056	1125.12	1125.184	1125.248	1125.312	1134.144	1134.208	1134.272	1134.336	1134.4	1134.464	1134.528	1143.168	1143.232	1143.296	1143.36	1143.424	1143.488	1146.432	1146.496	1146.56	1146.624	1146.688	1146.752	1150.208	1150.272	1150.336	1150.4	1150.464	1150.528	1158.528	1158.592	1158.656	1158.72	1158.784	1158.848	1168.96	1169.024	1169.088	1169.152	1169.216	1169.28	1170.944	1172.992	1173.056	1173.12	1173.184	1173.248	1173.312	1174.784	1174.848	1176.896	1176.96	1177.024	1177.088	1177.152	1180.48	1180.544	1180.608	1180.672	1180.736	1182.528	1182.592	1182.656	1184.448	1184.512	1184.576	1188.16	1188.224	1188.288	1188.352	1188.416	1188.48	1190.208	1190.272	1196.992	1197.056	1197.12	1197.184	1200.832	1200.896	1200.96	1201.024	1201.536	1201.6	1207.808	1207.872	1207.936	1208.0	1208.064	1211.392	1211.456	1211.52	1211.584	1211.648	1218.368	1218.432	1218.496	1220.608	1220.672	1224.512	1224.576	1224.64	1224.704	1226.496	1226.56	1226.624	1236.736	1236.8	1236.864	1236.928	1236.992	1243.392	1243.456	1243.52	1243.584	1250.176	1250.24	1250.304	1250.368	1250.432	1256.576	1256.64	1256.704	1256.768	1265.024	1265.088	1265.152	1265.216	1267.712	1267.776	1268.288	1268.352	1268.416	1278.016	1278.08	1278.144	1278.208	1282.624	1282.688	1282.752	1282.816	1282.88	1289.28	1289.344	1289.856	1289.92	1289.984	1290.048	1293.376	1293.44	1293.632	1294.912	1294.976	1299.328	1299.392	1299.456	1299.52	1299.584	1304.448	1307.648	1307.712	1307.776	1316.224	1316.288	1316.352	1316.416	1316.48	1321.088	1321.152	1321.216	1321.28	1321.344	1321.408	1325.44	1325.504	1325.568	1330.624	1330.688	1330.752	1330.816	1330.88	1339.712	1339.776	1339.84	1343.872	1343.936	1344.0	1344.064	1344.128	1354.24	1354.304	1354.368	1354.432	1357.056	1357.12	1357.184	1357.248	1365.248	1365.312	1367.808	1367.872	1367.936	1368.0	1403.648	1403.712	1403.776	1403.84	1403.904	1421.696	1421.76	1421.824	1421.888	1421.952	1422.016	1427.264	1427.328	1427.392	1427.456	1427.52	1430.848	1430.912	1430.976	1431.04	1431.104	1440.512	1440.576	1440.64	1440.704	1440.768	1446.08	1446.144	1446.208	1446.272	1446.336	1449.216	1449.28	1449.344	1451.456	1451.52	1451.584	1457.856	1457.92	1457.984	1458.048	1460.352	1460.416	1460.48	1460.544	1460.608	1462.848	1462.912	1462.976	1463.04	1465.984	1466.048	1466.112	1466.24	1466.944	1470.4	1470.464	1470.528	1472.192	1472.32	1477.632	1477.696	1477.76	1477.824	1477.888	1477.952	1482.432	1482.496	1482.56	1482.624	1482.688	1487.616	1487.68	1487.744	1487.808	1487.872	1509.952	1510.016	1510.08	1510.144	1510.208	1512.832	1512.896	1512.96	1513.024	1700.544	2182.016	2496.0	2496.192	2496.256	2496.32	3258.624	3554.688	3554.752	3554.816	3555.136	3555.2	3555.264	3555.328	3555.392	3555.456	3566.72	3566.784	3566.848	3567.168	3567.232	3567.296	3567.36	3567.424	3567.488	3567.552	3576.896	3576.96	3577.024	3577.344	3577.408	3577.472	3577.536	3577.6	3577.664	3586.624	3586.688	3586.752	3586.816	3586.88	3587.136	3587.2	3587.264	3587.328	3587.392	3587.456	3587.52	
CAR204_20240328$094500_1711598400.wav	
CAR204_20240328$164500_1711623600.wav	1404.352	1404.416	1426.304	1563.392	1563.456	1563.52	1571.008	1571.072	1621.952	1625.216	1625.28	1625.344	1629.12	1629.184	1629.248	1629.312	1631.744	1631.808	1631.872	1634.176	1634.24	1634.304	1634.368	1636.992	1637.056	1637.12	1639.424	1639.488	1639.552	1639.616	1639.68	1643.776	1643.84	1647.232	1647.296	1647.36	1654.656	1654.72	1654.784	1663.104	1663.168	1663.232	1663.296	1663.36	1666.56	1666.624	1666.688	1666.752	1670.144	1670.208	1670.272	1670.336	1673.792	1673.856	1673.92	1673.984	1692.928	1692.992	1693.056	1713.344	1713.408	1713.472	1721.28	1721.344	1721.408	1721.472	1749.952	1750.016	1750.08	1750.144	1758.016	1758.08	1758.144	1763.904	1763.968	1764.032	1764.096	1769.216	1769.28	1769.344	1775.488	1782.528	1782.592	1782.656	1960.704	1960.768	
CAR204_20240329$154500_1711706400.wav	
CAR213_20240325$084500_1711335600.wav	
CAR213_20240325$154500_1711360800.wav	
CAR213_20240325$164500_1711364400.wav	
CAR213_20240327$164500_1711537200.wav	
CAR213_20240327$174500_1711540800.wav	1074.688	1074.752	1074.816	1074.88	1074.944	1079.232	1079.296	1079.36	1079.424	1082.304	1082.368	1082.432	1082.496	1082.56	1082.624	1088.768	1088.832	1088.896	1088.96	1089.024	1089.088	1089.152	1096.32	1096.384	1096.448	1096.512	1096.576	1099.072	1099.136	1099.2	1099.264	1108.352	1108.416	1108.48	1108.544	1108.608	1108.672	1117.568	1117.632	1117.696	1117.76	1117.824	1117.888	1125.632	1125.696	1125.76	1125.824	1125.888	1134.848	1134.912	1134.976	1135.04	1135.104	1135.168	1143.872	1143.936	1144.0	1144.064	1144.128	1147.136	1147.2	1147.264	1147.328	1147.392	1150.848	1150.912	1150.976	1151.04	1151.104	1151.168	1159.232	1159.296	1159.36	1169.664	1169.728	1169.792	1169.856	1169.92	1173.696	1173.76	1173.824	1177.664	1177.728	1181.12	1181.184	1181.248	1181.312	1181.376	1183.168	1183.232	1185.216	1188.928	1188.992	1189.056	1189.12	1208.512	1208.576	1208.64	1208.704	1218.944	1219.008	1219.072	1219.136	1221.312	1225.216	1225.28	1225.344	1227.264	1227.328	1227.392	1237.376	1237.44	1237.504	1237.568	1237.632	1244.16	1244.224	1250.944	1251.008	1251.072	1265.792	1265.856	1278.72	1278.784	1278.848	1278.912	1278.976	1279.04	1283.392	1283.456	1283.52	1283.584	1290.624	1290.688	1295.616	1300.032	1300.096	1300.16	1300.224	1316.992	1317.056	1317.12	1321.856	1321.92	1321.984	1322.048	1331.328	1331.392	1331.456	1331.52	1344.64	1344.704	1344.768	1355.072	1357.76	1357.824	1357.888	1368.576	1368.64	1404.288	1404.352	1404.416	1404.48	1404.544	1422.464	1422.528	1422.592	1427.968	1428.032	1428.096	1428.16	1441.28	1441.344	1441.408	1446.784	1446.848	1446.912	1446.976	1449.856	1449.92	1449.984	1450.048	1452.096	1452.16	1452.224	1458.688	1461.056	1461.12	1461.184	1461.248	1461.312	1461.376	1463.552	1463.616	1463.68	1466.944	1467.584	1467.648	1471.168	1472.896	1472.96	1473.024	1478.272	1478.336	1478.4	1478.464	1478.528	1478.592	1483.2	1483.264	1483.328	1483.392	1488.32	1488.384	1488.448	1488.512	1510.72	1510.784	1510.848	1510.912	1513.6	1513.664	2428.224	2652.544	3555.776	3555.84	3555.904	3555.968	3567.808	3567.872	3567.936	3568.0	3568.064	3568.128	3577.984	3578.048	3578.112	3578.176	3578.24	3587.776	3587.84	3587.904	3587.968	3588.032	3588.096	
CAR217_20240325$082600_1711334460.wav	
CAR217_20240325$134500_1711353600.wav	
CAR217_20240325$154500_1711360800.wav	
CAR217_20240325$164500_1711364400.wav	
CAR217_20240325$174500_1711368000.wav	1257.728	1257.792	1257.856	1257.92	1257.984	1258.048	1258.112	1258.176	1259.52	1259.584	1259.648	1259.712	1259.776	1259.84	1259.904	1259.968	2451.008	3135.936	3384.32	3384.384	3415.808	3415.872	3415.936	3416.0	3416.064	3416.128	3416.192	3416.256	3416.32	3416.384	3416.448	3416.512	3489.088	3489.152	3489.216	3489.28	3489.344	3489.408	3489.472	3489.536	3489.6	3489.664	3491.136	3491.2	3491.264	3491.328	3493.184	3493.248	3493.312	3493.376	3493.44	3493.504	3514.88	3514.944	3515.008	3515.072	3515.136	3515.2	3515.264	3515.328	3515.392	3516.736	3516.8	3516.864	3516.928	3516.992	3517.056	
CAR217_20240326$184500_1711458000.wav	464.96	465.088	465.152	465.216	466.56	468.672	538.432	538.496	538.56	538.624	538.688	538.752	538.816	538.88	793.024	1028.096	1034.496	1041.728	1118.144	1124.352	1210.56	1214.656	1220.8	1233.6	1512.32	1512.384	1512.448	1523.968	1524.032	1845.376	2991.552	2991.616	2991.68	2995.52	2995.584	2995.648	2995.712	2995.776	2999.872	2999.936	3000.0	3000.064	3000.128	3003.2	3003.264	3003.328	3005.696	3005.76	3005.824	3012.736	3012.8	3012.864	3012.928	3017.792	3017.856	3017.92	3017.984	3018.048	3021.184	3021.248	3021.312	3024.512	3024.576	3024.64	3027.712	3033.92	3033.984	3034.048	3034.112	3041.152	3041.28	3049.344	3058.24	3058.304	3072.064	3096.704	3096.768	3140.608	3140.672	3140.736	3549.76	3549.824	3549.888	3549.952	3550.016	3550.08	3550.144	3550.208	3568.96	3569.152	3569.216	3569.408	
CAR217_20240327$114500_1711519200.wav	908.096	908.16	908.224	
CAR217_20240327$164500_1711537200.wav	
CAR217_20240327$174500_1711540800.wav	987.008	987.072	996.864	996.928	1014.4	1019.52	1019.584	1019.648	1026.88	1038.976	1048.64	1048.704	1053.44	1053.504	1074.304	1074.368	1074.432	1074.496	1074.56	1078.784	1078.848	1078.912	1078.976	1079.04	1079.104	1081.92	1081.984	1082.048	1082.112	1082.176	1082.24	1088.384	1088.448	1088.512	1088.576	1088.64	1088.704	1095.872	1095.936	1096.0	1096.064	1096.128	1096.192	1098.688	1098.752	1098.816	1098.88	1107.968	1108.032	1108.096	1108.16	1108.224	1117.12	1117.184	1117.248	1117.312	1117.376	1117.44	1117.504	1125.184	1125.248	1125.312	1125.376	1125.44	1125.504	1134.4	1134.464	1134.528	1134.592	1134.656	1134.72	1134.784	1143.424	1143.488	1143.552	1143.616	1143.68	1143.744	1146.688	1146.752	1146.816	1146.88	1146.944	1147.008	1150.336	1150.4	1150.464	1150.528	1150.592	1150.656	1150.72	1150.784	1156.032	1158.784	1158.848	1158.912	1158.976	1159.04	1169.216	1169.28	1169.344	1169.408	1169.472	1173.376	1177.088	1177.152	1177.216	1177.28	1177.344	1177.408	1180.608	1180.672	1180.736	1180.8	1180.864	1180.928	1182.784	1182.848	1184.64	1184.704	1184.768	1188.48	1188.544	1188.608	1188.672	1197.184	1197.248	1197.312	1208.0	1208.064	1208.128	1208.192	1208.256	1218.624	1218.688	1224.768	1224.832	1224.896	1226.816	1226.88	1236.992	1237.056	1237.12	1237.184	1237.248	1243.648	1243.712	1243.776	1243.84	1250.432	1250.496	1250.56	1250.624	1250.688	1256.96	1265.344	1265.408	1278.272	1278.336	1278.4	1278.464	1282.88	1282.944	1283.008	1283.072	1283.136	1289.536	1290.112	1290.176	1290.24	1295.168	1299.584	1299.648	1299.712	1299.776	1307.904	1307.968	1309.568	1316.48	1316.544	1316.608	1316.672	1316.736	1321.408	1321.472	1321.536	1321.6	1325.76	1325.824	1330.88	1330.944	1331.008	1331.072	1331.136	1339.968	1340.032	1340.096	1344.128	1344.192	1344.256	1344.32	1357.376	1357.44	1368.192	1368.256	1403.904	1403.968	1404.032	1404.096	1404.16	1422.016	1422.08	1422.144	1422.208	1422.272	1427.584	1427.648	1427.712	1427.776	1431.168	1431.232	1431.296	1432.384	1440.768	1440.832	1440.896	1440.96	1446.336	1446.4	1446.464	1446.528	1446.592	1449.472	1449.536	1449.6	1451.648	1451.712	1451.776	1451.84	1460.608	1460.672	1460.736	1460.8	1460.864	1460.928	1463.104	1463.168	1463.232	1466.304	1466.368	1466.432	1466.496	1472.448	1472.512	1472.576	1477.888	1477.952	1478.016	1478.08	1478.144	1478.208	1482.752	1482.816	1482.88	1482.944	1487.808	1487.872	1487.936	1488.0	1488.064	1488.128	1510.272	1510.336	1510.4	1510.464	1510.528	1513.152	1513.216	1513.28	2539.968	3080.704	3080.768	3127.936	3196.544	3196.608	3196.672	3555.072	3555.328	3555.392	3555.456	3555.52	3555.584	3555.648	3555.712	3567.424	3567.488	3567.552	3567.616	3567.68	3567.744	3567.808	3567.872	3577.536	3577.6	3577.664	3577.728	3577.792	3577.856	3577.92	3587.072	3587.392	3587.456	3587.52	3587.584	3587.648	3587.712	
