CAR204_20240323$135900_1711181640.wav	
CAR204_20240323$160400_1711189140.wav	
CAR204_20240325$075800_1711332780.wav	
CAR204_20240325$164500_1711364400.wav	763.52	763.584	763.648	1615.04	1615.104	1615.168	1631.232	1745.28	1745.344	1748.544	1748.608	1748.672	1764.608	1767.488	2149.888	2149.952	2150.016	2439.68	
CAR204_20240326$144500_1711443600.wav	
CAR204_20240327$094500_1711512000.wav	
CAR204_20240327$124500_1711522800.wav	
CAR204_20240327$144500_1711530000.wav	
CAR204_20240327$174500_1711540800.wav	872.64	872.704	987.968	988.032	988.096	1073.728	1073.792	1073.856	1073.92	1073.984	1074.048	1078.272	1078.336	1078.4	1078.464	1081.408	1081.472	1081.536	1081.6	1081.664	1087.872	1087.936	1088.0	1088.064	1088.128	1088.192	1095.36	1095.424	1095.488	1095.552	1095.616	1095.68	1098.176	1098.24	1098.304	1098.368	1107.392	1107.456	1107.52	1107.584	1107.648	1107.712	1116.608	1116.672	1116.736	1116.8	1116.864	1116.928	1124.672	1124.736	1124.8	1124.864	1124.928	1124.992	1133.888	1133.952	1134.016	1134.08	1134.144	1134.208	1142.912	1142.976	1143.04	1143.104	1143.168	1146.176	1146.24	1146.304	1146.368	1146.432	1149.952	1150.016	1150.08	1150.144	1150.208	1158.272	1158.336	1158.4	1158.464	1168.704	1168.768	1168.832	1168.896	1172.736	1172.8	1172.864	1172.928	1176.64	1176.704	1176.768	1176.832	1180.224	1180.288	1180.352	1180.416	1187.904	1187.968	1188.032	1188.096	1196.672	1196.736	1196.8	1207.552	1207.616	1207.68	1211.2	1211.264	1224.256	1224.32	1236.48	1236.544	1236.608	1243.136	1243.2	1249.92	1249.984	1250.048	1264.768	1264.832	1282.368	1282.432	1282.496	1282.56	1299.136	1299.2	1316.032	1316.096	1320.896	1320.96	1321.024	1330.368	1330.432	1330.496	1330.56	1343.68	1356.8	1356.864	1367.552	1367.616	1403.456	1421.504	1421.568	1421.632	1427.072	1427.136	1430.592	1430.656	1430.72	1440.32	1440.384	1445.824	1445.888	1460.096	1460.16	1460.224	1477.376	1477.44	1477.504	1482.24	1482.304	1482.368	1487.36	1487.424	1487.488	1509.76	1509.824	1509.888	3554.816	3554.88	3554.944	3555.008	3555.072	3555.136	3566.464	3566.528	3566.912	3566.976	3567.04	3567.104	3567.168	3567.232	3576.64	3576.704	3577.088	3577.152	3577.216	3577.28	3577.344	3586.432	3586.496	3586.56	3586.944	3587.008	3587.072	3587.136	3587.2	
CAR204_20240328$094500_1711598400.wav	
CAR204_20240328$164500_1711623600.wav	1563.072	1563.136	1624.96	1625.024	1628.864	1628.928	1628.992	1631.488	1633.92	1633.984	1634.048	1636.736	1636.8	1639.232	1639.296	1643.52	1646.976	1654.4	1654.464	1662.976	1666.304	1666.368	1666.432	1669.888	1669.952	1670.016	1673.6	1673.664	1692.672	1692.736	1713.088	1713.152	1721.024	1721.088	1749.696	1749.76	1749.824	1757.76	1763.648	1763.712	1769.024	
CAR204_20240329$154500_1711706400.wav	
CAR213_20240325$084500_1711335600.wav	
CAR213_20240325$154500_1711360800.wav	
CAR213_20240325$164500_1711364400.wav	
CAR213_20240327$164500_1711537200.wav	
CAR213_20240327$174500_1711540800.wav	1074.432	1074.496	1074.56	1074.624	1078.912	1078.976	1079.04	1079.104	1082.048	1082.112	1082.176	1082.24	1082.304	1088.512	1088.576	1088.64	1088.704	1088.768	1088.832	1096.0	1096.064	1096.128	1096.192	1096.256	1098.816	1098.88	1098.944	1108.032	1108.096	1108.16	1108.224	1108.288	1117.312	1117.376	1117.44	1117.504	1117.568	1125.376	1125.44	1125.504	1125.568	1134.528	1134.592	1134.656	1134.72	1134.784	1134.848	1143.616	1143.68	1143.744	1143.808	1146.816	1146.88	1146.944	1147.008	1147.072	1150.592	1150.656	1150.72	1150.784	1150.848	1169.408	1169.472	1169.536	1180.8	1180.864	1180.928	1180.992	1188.672	1188.736	1237.184	1237.248	1237.312	1283.136	1283.2	1299.84	1299.904	1321.664	1331.136	1404.096	1404.16	1427.84	1441.024	1446.528	1446.592	1460.8	1460.864	1460.928	1478.08	1478.144	1478.208	1478.272	1483.008	1488.128	1510.528	3555.584	3567.552	3567.616	3567.68	3567.744	3577.728	3577.792	3577.856	3577.92	3587.52	3587.584	3587.648	3587.712	3587.776	
CAR217_20240325$082600_1711334460.wav	
CAR217_20240325$134500_1711353600.wav	
CAR217_20240325$154500_1711360800.wav	
CAR217_20240325$164500_1711364400.wav	
CAR217_20240325$174500_1711368000.wav	1257.472	1257.536	1257.6	1257.664	1257.728	1257.792	1257.856	1259.264	1259.328	1259.392	1259.456	1259.52	1259.584	3415.488	3415.552	3415.616	3415.68	3415.744	3415.808	3415.872	3415.936	3416.0	3416.064	3416.128	3416.192	3488.832	3488.896	3488.96	3489.024	3489.088	3489.152	3489.216	3489.28	3489.344	3489.408	3490.88	3490.944	3492.928	3492.992	3493.056	3493.12	3493.184	3514.56	3514.624	3514.688	3514.752	3514.816	3514.88	3514.944	3515.008	3515.072	3516.48	3516.544	3516.608	3516.672	3516.736	
CAR217_20240326$184500_1711458000.wav	348.352	464.64	464.768	464.832	464.896	468.352	538.24	538.304	538.368	538.432	538.496	538.56	1512.128	1523.712	2991.232	2991.296	2991.36	2995.2	2995.264	2995.328	2995.392	2995.456	2999.616	2999.68	2999.744	2999.808	3002.88	3002.944	3003.008	3012.48	3012.544	3012.608	3017.536	3017.6	3017.664	3017.728	3020.992	3033.664	3033.728	3033.792	3549.44	3549.504	3549.568	3549.632	3549.696	3549.76	3549.824	3549.888	3568.896	
CAR217_20240327$114500_1711519200.wav	907.84	907.904	
CAR217_20240327$164500_1711537200.wav	
CAR217_20240327$174500_1711540800.wav	996.608	1074.048	1074.112	1074.176	1074.24	1078.528	1078.592	1078.656	1078.72	1081.664	1081.728	1081.792	1081.856	1081.92	1088.128	1088.192	1088.256	1088.32	1088.384	1095.616	1095.68	1095.744	1095.808	1095.872	1098.432	1098.496	1098.56	1107.712	1107.776	1107.84	1116.864	1116.928	1116.992	1117.056	1117.12	1117.184	1124.928	1124.992	1125.056	1125.12	1125.184	1134.144	1134.208	1134.272	1134.336	1134.4	1134.464	1143.104	1143.168	1143.232	1143.296	1143.36	1143.424	1146.432	1146.496	1146.56	1146.624	1150.208	1150.272	1150.336	1150.4	1158.528	1158.592	1158.656	1168.96	1169.024	1169.088	1169.152	1176.832	1176.896	1176.96	1177.024	1177.088	1180.352	1180.416	1180.48	1180.544	1180.608	1188.224	1188.288	1196.928	1236.736	1236.8	1236.864	1236.928	1243.392	1243.456	1250.24	1250.304	1282.688	1282.752	1299.392	1316.288	1316.352	1321.152	1330.624	1330.688	1330.752	1403.712	1421.824	1427.328	1427.392	1440.576	1440.64	1446.208	1460.416	1460.48	1477.696	1477.76	1487.616	1487.68	1510.08	1510.144	3555.072	3555.136	3555.2	3555.264	3555.328	3567.168	3567.232	3567.296	3567.36	3567.424	3567.488	3567.552	3577.28	3577.344	3577.408	3577.472	3577.536	3587.072	3587.136	3587.2	3587.264	3587.328	3587.392	
