Selection	View	Channel	Begin Time (s)	End Time (s)	Low Freq (Hz)	High Freq (Hz)	Species
1	Spectrogram 1	1	1.5	4.5	600	1400	C
2	Spectrogram 1	1	3.0	6.0	600	1400	C
3	Spectrogram 1	1	4.5	7.5	600	1400	C
4	Spectrogram 1	1	6.0	9.0	600	1400	C
5	Spectrogram 1	1	10.5	13.5	600	1400	C
6	Spectrogram 1	1	16.5	19.5	600	1400	C
7	Spectrogram 1	1	18.0	21.0	600	1400	C
8	Spectrogram 1	1	30.0	33.0	600	1400	C
9	Spectrogram 1	1	36.0	39.0	600	1400	C
10	Spectrogram 1	1	37.5	40.5	600	1400	C
11	Spectrogram 1	1	45.0	48.0	600	1400	C
12	Spectrogram 1	1	51.0	54.0	600	1400	C
13	Spectrogram 1	1	52.5	55.5	600	1400	C
14	Spectrogram 1	1	55.5	58.5	600	1400	C
15	Spectrogram 1	1	60.0	63.0	600	1400	C
16	Spectrogram 1	1	61.5	64.5	600	1400	C
17	Spectrogram 1	1	64.5	67.5	600	1400	C
18	Spectrogram 1	1	66.0	69.0	600	1400	C
19	Spectrogram 1	1	70.5	73.5	600	1400	C
20	Spectrogram 1	1	75.0	78.0	600	1400	C
21	Spectrogram 1	1	78.0	81.0	600	1400	C
22	Spectrogram 1	1	84.0	87.0	600	1400	C
23	Spectrogram 1	1	85.5	88.5	600	1400	C
24	Spectrogram 1	1	87.0	90.0	600	1400	C
25	Spectrogram 1	1	91.5	94.5	600	1400	C
26	Spectrogram 1	1	94.5	97.5	600	1400	C
27	Spectrogram 1	1	96.0	99.0	600	1400	C
28	Spectrogram 1	1	97.5	100.5	600	1400	C
29	Spectrogram 1	1	99.0	102.0	600	1400	C
30	Spectrogram 1	1	100.5	103.5	600	1400	C
31	Spectrogram 1	1	102.0	105.0	600	1400	C
32	Spectrogram 1	1	105.0	108.0	600	1400	C
33	Spectrogram 1	1	111.0	114.0	600	1400	C
34	Spectrogram 1	1	112.5	115.5	600	1400	C
35	Spectrogram 1	1	114.0	117.0	600	1400	C
36	Spectrogram 1	1	115.5	118.5	600	1400	C
37	Spectrogram 1	1	118.5	121.5	600	1400	C
38	Spectrogram 1	1	120.0	123.0	600	1400	C
39	Spectrogram 1	1	121.5	124.5	600	1400	C
40	Spectrogram 1	1	123.0	126.0	600	1400	C
41	Spectrogram 1	1	124.5	127.5	600	1400	C
42	Spectrogram 1	1	127.5	130.5	600	1400	C
43	Spectrogram 1	1	129.0	132.0	600	1400	C
44	Spectrogram 1	1	133.5	136.5	600	1400	C
45	Spectrogram 1	1	135.0	138.0	600	1400	C
46	Spectrogram 1	1	136.5	139.5	600	1400	C
47	Spectrogram 1	1	138.0	141.0	600	1400	C
48	Spectrogram 1	1	142.5	145.5	600	1400	C
49	Spectrogram 1	1	144.0	147.0	600	1400	C
50	Spectrogram 1	1	148.5	151.5	600	1400	C
51	Spectrogram 1	1	150.0	153.0	600	1400	C
52	Spectrogram 1	1	151.5	154.5	600	1400	C
53	Spectrogram 1	1	153.0	156.0	600	1400	C
54	Spectrogram 1	1	154.5	157.5	600	1400	C
55	Spectrogram 1	1	157.5	160.5	600	1400	C
56	Spectrogram 1	1	159.0	162.0	600	1400	C
57	Spectrogram 1	1	160.5	163.5	600	1400	C
58	Spectrogram 1	1	162.0	165.0	600	1400	C
59	Spectrogram 1	1	165.0	168.0	600	1400	C
60	Spectrogram 1	1	166.5	169.5	600	1400	C
61	Spectrogram 1	1	171.0	174.0	600	1400	C
62	Spectrogram 1	1	172.5	175.5	600	1400	C
63	Spectrogram 1	1	178.5	181.5	600	1400	C
64	Spectrogram 1	1	187.5	190.5	600	1400	C
65	Spectrogram 1	1	193.5	196.5	600	1400	C
66	Spectrogram 1	1	204.0	207.0	600	1400	C
67	Spectrogram 1	1	216.0	219.0	600	1400	C
68	Spectrogram 1	1	217.5	220.5	600	1400	C
69	Spectrogram 1	1	225.0	228.0	600	1400	C
70	Spectrogram 1	1	226.5	229.5	600	1400	C
71	Spectrogram 1	1	232.5	235.5	600	1400	C
72	Spectrogram 1	1	234.0	237.0	600	1400	C
73	Spectrogram 1	1	235.5	238.5	600	1400	C
74	Spectrogram 1	1	238.5	241.5	600	1400	C
75	Spectrogram 1	1	241.5	244.5	600	1400	C
76	Spectrogram 1	1	243.0	246.0	600	1400	C
77	Spectrogram 1	1	244.5	247.5	600	1400	C
78	Spectrogram 1	1	252.0	255.0	600	1400	C
79	Spectrogram 1	1	256.5	259.5	600	1400	C
80	Spectrogram 1	1	258.0	261.0	600	1400	C
81	Spectrogram 1	1	259.5	262.5	600	1400	C
82	Spectrogram 1	1	262.5	265.5	600	1400	C
83	Spectrogram 1	1	264.0	267.0	600	1400	C
84	Spectrogram 1	1	271.5	274.5	600	1400	C
85	Spectrogram 1	1	273.0	276.0	600	1400	C
86	Spectrogram 1	1	277.5	280.5	600	1400	C
87	Spectrogram 1	1	280.5	283.5	600	1400	C
88	Spectrogram 1	1	282.0	285.0	600	1400	C
89	Spectrogram 1	1	283.5	286.5	600	1400	C
90	Spectrogram 1	1	285.0	288.0	600	1400	C
91	Spectrogram 1	1	294.0	297.0	600	1400	C
92	Spectrogram 1	1	319.5	322.5	600	1400	C
93	Spectrogram 1	1	366.0	369.0	600	1400	C
94	Spectrogram 1	1	381.0	384.0	600	1400	C
95	Spectrogram 1	1	600.0	603.0	600	1400	C
96	Spectrogram 1	1	604.5	607.5	600	1400	C
97	Spectrogram 1	1	610.5	613.5	600	1400	C
98	Spectrogram 1	1	634.5	637.5	600	1400	C
99	Spectrogram 1	1	642.0	645.0	600	1400	C
100	Spectrogram 1	1	654.0	657.0	600	1400	C
101	Spectrogram 1	1	723.0	726.0	600	1400	C
102	Spectrogram 1	1	726.0	729.0	600	1400	C
103	Spectrogram 1	1	796.5	799.5	600	1400	C
104	Spectrogram 1	1	828.0	831.0	600	1400	C
105	Spectrogram 1	1	891.0	894.0	600	1400	C
106	Spectrogram 1	1	978.0	981.0	600	1400	C
107	Spectrogram 1	1	987.0	990.0	600	1400	C
108	Spectrogram 1	1	988.5	991.5	600	1400	C
109	Spectrogram 1	1	1020.0	1023.0	600	1400	C
110	Spectrogram 1	1	1036.5	1039.5	600	1400	C
111	Spectrogram 1	1	1047.0	1050.0	600	1400	C
112	Spectrogram 1	1	1048.5	1051.5	600	1400	C
113	Spectrogram 1	1	1074.0	1077.0	600	1400	C
114	Spectrogram 1	1	1075.5	1078.5	600	1400	C
115	Spectrogram 1	1	1078.5	1081.5	600	1400	C
116	Spectrogram 1	1	1081.5	1084.5	600	1400	C
117	Spectrogram 1	1	1087.5	1090.5	600	1400	C
118	Spectrogram 1	1	1089.0	1092.0	600	1400	C
119	Spectrogram 1	1	1095.0	1098.0	600	1400	C
120	Spectrogram 1	1	1096.5	1099.5	600	1400	C
121	Spectrogram 1	1	1098.0	1101.0	600	1400	C
122	Spectrogram 1	1	1099.5	1102.5	600	1400	C
123	Spectrogram 1	1	1107.0	1110.0	600	1400	C
124	Spectrogram 1	1	1108.5	1111.5	600	1400	C
125	Spectrogram 1	1	1117.5	1120.5	600	1400	C
126	Spectrogram 1	1	1125.0	1128.0	600	1400	C
127	Spectrogram 1	1	1134.0	1137.0	600	1400	C
128	Spectrogram 1	1	1143.0	1146.0	600	1400	C
129	Spectrogram 1	1	1146.0	1149.0	600	1400	C
130	Spectrogram 1	1	1150.5	1153.5	600	1400	C
131	Spectrogram 1	1	1158.0	1161.0	600	1400	C
132	Spectrogram 1	1	1165.5	1168.5	600	1400	C
133	Spectrogram 1	1	1168.5	1171.5	600	1400	C
134	Spectrogram 1	1	1170.0	1173.0	600	1400	C
135	Spectrogram 1	1	1171.5	1174.5	600	1400	C
136	Spectrogram 1	1	1173.0	1176.0	600	1400	C
137	Spectrogram 1	1	1174.5	1177.5	600	1400	C
138	Spectrogram 1	1	1177.5	1180.5	600	1400	C
139	Spectrogram 1	1	1180.5	1183.5	600	1400	C
140	Spectrogram 1	1	1182.0	1185.0	600	1400	C
141	Spectrogram 1	1	1183.5	1186.5	600	1400	C
142	Spectrogram 1	1	1188.0	1191.0	600	1400	C
143	Spectrogram 1	1	1189.5	1192.5	600	1400	C
144	Spectrogram 1	1	1191.0	1194.0	600	1400	C
145	Spectrogram 1	1	1194.0	1197.0	600	1400	C
146	Spectrogram 1	1	1197.0	1200.0	600	1400	C
147	Spectrogram 1	1	1198.5	1201.5	600	1400	C
148	Spectrogram 1	1	1200.0	1203.0	600	1400	C
149	Spectrogram 1	1	1201.5	1204.5	600	1400	C
150	Spectrogram 1	1	1203.0	1206.0	600	1400	C
151	Spectrogram 1	1	1206.0	1209.0	600	1400	C
152	Spectrogram 1	1	1207.5	1210.5	600	1400	C
153	Spectrogram 1	1	1209.0	1212.0	600	1400	C
154	Spectrogram 1	1	1210.5	1213.5	600	1400	C
155	Spectrogram 1	1	1212.0	1215.0	600	1400	C
156	Spectrogram 1	1	1215.0	1218.0	600	1400	C
157	Spectrogram 1	1	1219.5	1222.5	600	1400	C
158	Spectrogram 1	1	1221.0	1224.0	600	1400	C
159	Spectrogram 1	1	1224.0	1227.0	600	1400	C
160	Spectrogram 1	1	1227.0	1230.0	600	1400	C
161	Spectrogram 1	1	1237.5	1240.5	600	1400	C
162	Spectrogram 1	1	1243.5	1246.5	600	1400	C
163	Spectrogram 1	1	1245.0	1248.0	600	1400	C
164	Spectrogram 1	1	1251.0	1254.0	600	1400	C
165	Spectrogram 1	1	1252.5	1255.5	600	1400	C
166	Spectrogram 1	1	1257.0	1260.0	600	1400	C
167	Spectrogram 1	1	1264.5	1267.5	600	1400	C
168	Spectrogram 1	1	1267.5	1270.5	600	1400	C
169	Spectrogram 1	1	1269.0	1272.0	600	1400	C
170	Spectrogram 1	1	1276.5	1279.5	600	1400	C
171	Spectrogram 1	1	1278.0	1281.0	600	1400	C
172	Spectrogram 1	1	1282.5	1285.5	600	1400	C
173	Spectrogram 1	1	1284.0	1287.0	600	1400	C
174	Spectrogram 1	1	1288.5	1291.5	600	1400	C
175	Spectrogram 1	1	1290.0	1293.0	600	1400	C
176	Spectrogram 1	1	1293.0	1296.0	600	1400	C
177	Spectrogram 1	1	1294.5	1297.5	600	1400	C
178	Spectrogram 1	1	1297.5	1300.5	600	1400	C
179	Spectrogram 1	1	1299.0	1302.0	600	1400	C
180	Spectrogram 1	1	1300.5	1303.5	600	1400	C
181	Spectrogram 1	1	1302.0	1305.0	600	1400	C
182	Spectrogram 1	1	1305.0	1308.0	600	1400	C
183	Spectrogram 1	1	1306.5	1309.5	600	1400	C
184	Spectrogram 1	1	1308.0	1311.0	600	1400	C
185	Spectrogram 1	1	1309.5	1312.5	600	1400	C
186	Spectrogram 1	1	1311.0	1314.0	600	1400	C
187	Spectrogram 1	1	1314.0	1317.0	600	1400	C
188	Spectrogram 1	1	1315.5	1318.5	600	1400	C
189	Spectrogram 1	1	1317.0	1320.0	600	1400	C
190	Spectrogram 1	1	1318.5	1321.5	600	1400	C
191	Spectrogram 1	1	1321.5	1324.5	600	1400	C
192	Spectrogram 1	1	1324.5	1327.5	600	1400	C
193	Spectrogram 1	1	1326.0	1329.0	600	1400	C
194	Spectrogram 1	1	1330.5	1333.5	600	1400	C
195	Spectrogram 1	1	1338.0	1341.0	600	1400	C
196	Spectrogram 1	1	1339.5	1342.5	600	1400	C
197	Spectrogram 1	1	1341.0	1344.0	600	1400	C
198	Spectrogram 1	1	1342.5	1345.5	600	1400	C
199	Spectrogram 1	1	1344.0	1347.0	600	1400	C
200	Spectrogram 1	1	1345.5	1348.5	600	1400	C
201	Spectrogram 1	1	1347.0	1350.0	600	1400	C
202	Spectrogram 1	1	1348.5	1351.5	600	1400	C
203	Spectrogram 1	1	1350.0	1353.0	600	1400	C
204	Spectrogram 1	1	1353.0	1356.0	600	1400	C
205	Spectrogram 1	1	1354.5	1357.5	600	1400	C
206	Spectrogram 1	1	1357.5	1360.5	600	1400	C
207	Spectrogram 1	1	1359.0	1362.0	600	1400	C
208	Spectrogram 1	1	1360.5	1363.5	600	1400	C
209	Spectrogram 1	1	1365.0	1368.0	600	1400	C
210	Spectrogram 1	1	1368.0	1371.0	600	1400	C
211	Spectrogram 1	1	1398.0	1401.0	600	1400	C
212	Spectrogram 1	1	1402.5	1405.5	600	1400	C
213	Spectrogram 1	1	1404.0	1407.0	600	1400	C
214	Spectrogram 1	1	1422.0	1425.0	600	1400	C
215	Spectrogram 1	1	1431.0	1434.0	600	1400	C
216	Spectrogram 1	1	1432.5	1435.5	600	1400	C
217	Spectrogram 1	1	1440.0	1443.0	600	1400	C
218	Spectrogram 1	1	1441.5	1444.5	600	1400	C
219	Spectrogram 1	1	1446.0	1449.0	600	1400	C
220	Spectrogram 1	1	1447.5	1450.5	600	1400	C
221	Spectrogram 1	1	1449.0	1452.0	600	1400	C
222	Spectrogram 1	1	1450.5	1453.5	600	1400	C
223	Spectrogram 1	1	1452.0	1455.0	600	1400	C
224	Spectrogram 1	1	1453.5	1456.5	600	1400	C
225	Spectrogram 1	1	1455.0	1458.0	600	1400	C
226	Spectrogram 1	1	1458.0	1461.0	600	1400	C
227	Spectrogram 1	1	1461.0	1464.0	600	1400	C
228	Spectrogram 1	1	1462.5	1465.5	600	1400	C
229	Spectrogram 1	1	1465.5	1468.5	600	1400	C
230	Spectrogram 1	1	1467.0	1470.0	600	1400	C
231	Spectrogram 1	1	1468.5	1471.5	600	1400	C
232	Spectrogram 1	1	1470.0	1473.0	600	1400	C
233	Spectrogram 1	1	1471.5	1474.5	600	1400	C
234	Spectrogram 1	1	1473.0	1476.0	600	1400	C
235	Spectrogram 1	1	1477.5	1480.5	600	1400	C
236	Spectrogram 1	1	1479.0	1482.0	600	1400	C
237	Spectrogram 1	1	1482.0	1485.0	600	1400	C
238	Spectrogram 1	1	1488.0	1491.0	600	1400	C
239	Spectrogram 1	1	1509.0	1512.0	600	1400	C
240	Spectrogram 1	1	1510.5	1513.5	600	1400	C
241	Spectrogram 1	1	1512.0	1515.0	600	1400	C
242	Spectrogram 1	1	1513.5	1516.5	600	1400	C
243	Spectrogram 1	1	1534.5	1537.5	600	1400	C
244	Spectrogram 1	1	1551.0	1554.0	600	1400	C
245	Spectrogram 1	1	1558.5	1561.5	600	1400	C
246	Spectrogram 1	1	1563.0	1566.0	600	1400	C
247	Spectrogram 1	1	1578.0	1581.0	600	1400	C
248	Spectrogram 1	1	1588.5	1591.5	600	1400	C
249	Spectrogram 1	1	1612.5	1615.5	600	1400	C
250	Spectrogram 1	1	1689.0	1692.0	600	1400	C
251	Spectrogram 1	1	1699.5	1702.5	600	1400	C
252	Spectrogram 1	1	1705.5	1708.5	600	1400	C
253	Spectrogram 1	1	1770.0	1773.0	600	1400	C
254	Spectrogram 1	1	2080.5	2083.5	600	1400	C
255	Spectrogram 1	1	2197.5	2200.5	600	1400	C
256	Spectrogram 1	1	2239.5	2242.5	600	1400	C
257	Spectrogram 1	1	2262.0	2265.0	600	1400	C
258	Spectrogram 1	1	2446.5	2449.5	600	1400	C
259	Spectrogram 1	1	2496.0	2499.0	600	1400	C
260	Spectrogram 1	1	2631.0	2634.0	600	1400	C
261	Spectrogram 1	1	2785.5	2788.5	600	1400	C
262	Spectrogram 1	1	3090.0	3093.0	600	1400	C
263	Spectrogram 1	1	3181.5	3184.5	600	1400	C
264	Spectrogram 1	1	3379.5	3382.5	600	1400	C
265	Spectrogram 1	1	3390.0	3393.0	600	1400	C
266	Spectrogram 1	1	3402.0	3405.0	600	1400	C
267	Spectrogram 1	1	3426.0	3429.0	600	1400	C
268	Spectrogram 1	1	3463.5	3466.5	600	1400	C
269	Spectrogram 1	1	3466.5	3469.5	600	1400	C
270	Spectrogram 1	1	3555.0	3558.0	600	1400	C
271	Spectrogram 1	1	3556.5	3559.5	600	1400	C
272	Spectrogram 1	1	3567.0	3570.0	600	1400	C
273	Spectrogram 1	1	3588.0	3591.0	600	1400	C
