Selection	View	Channel	Begin Time (s)	End Time (s)	Low Freq (Hz)	High Freq (Hz)	Species
1	Spectrogram 1	1	75.0	78.0	600	1400	C
2	Spectrogram 1	1	445.5	448.5	600	1400	C
3	Spectrogram 1	1	480.0	483.0	600	1400	C
4	Spectrogram 1	1	489.0	492.0	600	1400	C
5	Spectrogram 1	1	492.0	495.0	600	1400	C
6	Spectrogram 1	1	510.0	513.0	600	1400	C
7	Spectrogram 1	1	522.0	525.0	600	1400	C
8	Spectrogram 1	1	529.5	532.5	600	1400	C
9	Spectrogram 1	1	564.0	567.0	600	1400	C
10	Spectrogram 1	1	565.5	568.5	600	1400	C
11	Spectrogram 1	1	576.0	579.0	600	1400	C
12	Spectrogram 1	1	583.5	586.5	600	1400	C
13	Spectrogram 1	1	595.5	598.5	600	1400	C
14	Spectrogram 1	1	597.0	600.0	600	1400	C
15	Spectrogram 1	1	600.0	603.0	600	1400	C
16	Spectrogram 1	1	621.0	624.0	600	1400	C
17	Spectrogram 1	1	630.0	633.0	600	1400	C
18	Spectrogram 1	1	658.5	661.5	600	1400	C
19	Spectrogram 1	1	669.0	672.0	600	1400	C
20	Spectrogram 1	1	672.0	675.0	600	1400	C
21	Spectrogram 1	1	675.0	678.0	600	1400	C
22	Spectrogram 1	1	679.5	682.5	600	1400	C
23	Spectrogram 1	1	681.0	684.0	600	1400	C
24	Spectrogram 1	1	682.5	685.5	600	1400	C
25	Spectrogram 1	1	684.0	687.0	600	1400	C
26	Spectrogram 1	1	685.5	688.5	600	1400	C
27	Spectrogram 1	1	688.5	691.5	600	1400	C
28	Spectrogram 1	1	691.5	694.5	600	1400	C
29	Spectrogram 1	1	703.5	706.5	600	1400	C
30	Spectrogram 1	1	706.5	709.5	600	1400	C
31	Spectrogram 1	1	708.0	711.0	600	1400	C
32	Spectrogram 1	1	709.5	712.5	600	1400	C
33	Spectrogram 1	1	757.5	760.5	600	1400	C
34	Spectrogram 1	1	763.5	766.5	600	1400	C
35	Spectrogram 1	1	765.0	768.0	600	1400	C
36	Spectrogram 1	1	766.5	769.5	600	1400	C
37	Spectrogram 1	1	807.0	810.0	600	1400	C
38	Spectrogram 1	1	808.5	811.5	600	1400	C
39	Spectrogram 1	1	810.0	813.0	600	1400	C
40	Spectrogram 1	1	811.5	814.5	600	1400	C
41	Spectrogram 1	1	813.0	816.0	600	1400	C
42	Spectrogram 1	1	817.5	820.5	600	1400	C
43	Spectrogram 1	1	837.0	840.0	600	1400	C
44	Spectrogram 1	1	838.5	841.5	600	1400	C
45	Spectrogram 1	1	840.0	843.0	600	1400	C
46	Spectrogram 1	1	843.0	846.0	600	1400	C
47	Spectrogram 1	1	853.5	856.5	600	1400	C
48	Spectrogram 1	1	865.5	868.5	600	1400	C
49	Spectrogram 1	1	882.0	885.0	600	1400	C
50	Spectrogram 1	1	922.5	925.5	600	1400	C
51	Spectrogram 1	1	963.0	966.0	600	1400	C
52	Spectrogram 1	1	1422.0	1425.0	600	1400	C
53	Spectrogram 1	1	1438.5	1441.5	600	1400	C
54	Spectrogram 1	1	1449.0	1452.0	600	1400	C
55	Spectrogram 1	1	1462.5	1465.5	600	1400	C
56	Spectrogram 1	1	1464.0	1467.0	600	1400	C
57	Spectrogram 1	1	1465.5	1468.5	600	1400	C
58	Spectrogram 1	1	1468.5	1471.5	600	1400	C
59	Spectrogram 1	1	1470.0	1473.0	600	1400	C
60	Spectrogram 1	1	1473.0	1476.0	600	1400	C
61	Spectrogram 1	1	1474.5	1477.5	600	1400	C
62	Spectrogram 1	1	1476.0	1479.0	600	1400	C
63	Spectrogram 1	1	1480.5	1483.5	600	1400	C
64	Spectrogram 1	1	1482.0	1485.0	600	1400	C
65	Spectrogram 1	1	1483.5	1486.5	600	1400	C
66	Spectrogram 1	1	1489.5	1492.5	600	1400	C
67	Spectrogram 1	1	1494.0	1497.0	600	1400	C
68	Spectrogram 1	1	1495.5	1498.5	600	1400	C
69	Spectrogram 1	1	1497.0	1500.0	600	1400	C
70	Spectrogram 1	1	1506.0	1509.0	600	1400	C
71	Spectrogram 1	1	1507.5	1510.5	600	1400	C
72	Spectrogram 1	1	1516.5	1519.5	600	1400	C
73	Spectrogram 1	1	1519.5	1522.5	600	1400	C
74	Spectrogram 1	1	1521.0	1524.0	600	1400	C
75	Spectrogram 1	1	1524.0	1527.0	600	1400	C
76	Spectrogram 1	1	1525.5	1528.5	600	1400	C
77	Spectrogram 1	1	1534.5	1537.5	600	1400	C
78	Spectrogram 1	1	1536.0	1539.0	600	1400	C
79	Spectrogram 1	1	1545.0	1548.0	600	1400	C
80	Spectrogram 1	1	1546.5	1549.5	600	1400	C
81	Spectrogram 1	1	1552.5	1555.5	600	1400	C
82	Spectrogram 1	1	1557.0	1560.0	600	1400	C
83	Spectrogram 1	1	1566.0	1569.0	600	1400	C
84	Spectrogram 1	1	1593.0	1596.0	600	1400	C
85	Spectrogram 1	1	1596.0	1599.0	600	1400	C
86	Spectrogram 1	1	1617.0	1620.0	600	1400	C
87	Spectrogram 1	1	1618.5	1621.5	600	1400	C
88	Spectrogram 1	1	1627.5	1630.5	600	1400	C
89	Spectrogram 1	1	1638.0	1641.0	600	1400	C
90	Spectrogram 1	1	1647.0	1650.0	600	1400	C
91	Spectrogram 1	1	1663.5	1666.5	600	1400	C
92	Spectrogram 1	1	1702.5	1705.5	600	1400	C
93	Spectrogram 1	1	1722.0	1725.0	600	1400	C
94	Spectrogram 1	1	1836.0	1839.0	600	1400	C
95	Spectrogram 1	1	1879.5	1882.5	600	1400	C
96	Spectrogram 1	1	1885.5	1888.5	600	1400	C
97	Spectrogram 1	1	1914.0	1917.0	600	1400	C
98	Spectrogram 1	1	1993.5	1996.5	600	1400	C
99	Spectrogram 1	1	2001.0	2004.0	600	1400	C
100	Spectrogram 1	1	2047.5	2050.5	600	1400	C
101	Spectrogram 1	1	2065.5	2068.5	600	1400	C
102	Spectrogram 1	1	2076.0	2079.0	600	1400	C
103	Spectrogram 1	1	2083.5	2086.5	600	1400	C
104	Spectrogram 1	1	2103.0	2106.0	600	1400	C
105	Spectrogram 1	1	2118.0	2121.0	600	1400	C
106	Spectrogram 1	1	2119.5	2122.5	600	1400	C
107	Spectrogram 1	1	2128.5	2131.5	600	1400	C
108	Spectrogram 1	1	2130.0	2133.0	600	1400	C
109	Spectrogram 1	1	2139.0	2142.0	600	1400	C
110	Spectrogram 1	1	2149.5	2152.5	600	1400	C
111	Spectrogram 1	1	2151.0	2154.0	600	1400	C
112	Spectrogram 1	1	2166.0	2169.0	600	1400	C
113	Spectrogram 1	1	2176.5	2179.5	600	1400	C
114	Spectrogram 1	1	2181.0	2184.0	600	1400	C
115	Spectrogram 1	1	2182.5	2185.5	600	1400	C
116	Spectrogram 1	1	2184.0	2187.0	600	1400	C
117	Spectrogram 1	1	2185.5	2188.5	600	1400	C
118	Spectrogram 1	1	2187.0	2190.0	600	1400	C
119	Spectrogram 1	1	2188.5	2191.5	600	1400	C
120	Spectrogram 1	1	2190.0	2193.0	600	1400	C
121	Spectrogram 1	1	2191.5	2194.5	600	1400	C
122	Spectrogram 1	1	2193.0	2196.0	600	1400	C
123	Spectrogram 1	1	2194.5	2197.5	600	1400	C
124	Spectrogram 1	1	2196.0	2199.0	600	1400	C
125	Spectrogram 1	1	2197.5	2200.5	600	1400	C
126	Spectrogram 1	1	2200.5	2203.5	600	1400	C
127	Spectrogram 1	1	2202.0	2205.0	600	1400	C
128	Spectrogram 1	1	2203.5	2206.5	600	1400	C
129	Spectrogram 1	1	2205.0	2208.0	600	1400	C
130	Spectrogram 1	1	2208.0	2211.0	600	1400	C
131	Spectrogram 1	1	2209.5	2212.5	600	1400	C
132	Spectrogram 1	1	2211.0	2214.0	600	1400	C
133	Spectrogram 1	1	2212.5	2215.5	600	1400	C
134	Spectrogram 1	1	2214.0	2217.0	600	1400	C
135	Spectrogram 1	1	2215.5	2218.5	600	1400	C
136	Spectrogram 1	1	2226.0	2229.0	600	1400	C
137	Spectrogram 1	1	2230.5	2233.5	600	1400	C
138	Spectrogram 1	1	2232.0	2235.0	600	1400	C
139	Spectrogram 1	1	2233.5	2236.5	600	1400	C
140	Spectrogram 1	1	2236.5	2239.5	600	1400	C
141	Spectrogram 1	1	2238.0	2241.0	600	1400	C
142	Spectrogram 1	1	2241.0	2244.0	600	1400	C
143	Spectrogram 1	1	2242.5	2245.5	600	1400	C
144	Spectrogram 1	1	2244.0	2247.0	600	1400	C
145	Spectrogram 1	1	2245.5	2248.5	600	1400	C
146	Spectrogram 1	1	2248.5	2251.5	600	1400	C
147	Spectrogram 1	1	2251.5	2254.5	600	1400	C
148	Spectrogram 1	1	2254.5	2257.5	600	1400	C
149	Spectrogram 1	1	2259.0	2262.0	600	1400	C
150	Spectrogram 1	1	2260.5	2263.5	600	1400	C
151	Spectrogram 1	1	2274.0	2277.0	600	1400	C
152	Spectrogram 1	1	2281.5	2284.5	600	1400	C
153	Spectrogram 1	1	2359.5	2362.5	600	1400	C
154	Spectrogram 1	1	2386.5	2389.5	600	1400	C
155	Spectrogram 1	1	2397.0	2400.0	600	1400	C
156	Spectrogram 1	1	2398.5	2401.5	600	1400	C
157	Spectrogram 1	1	2422.5	2425.5	600	1400	C
158	Spectrogram 1	1	2430.0	2433.0	600	1400	C
159	Spectrogram 1	1	2431.5	2434.5	600	1400	C
160	Spectrogram 1	1	2439.0	2442.0	600	1400	C
161	Spectrogram 1	1	2440.5	2443.5	600	1400	C
162	Spectrogram 1	1	2448.0	2451.0	600	1400	C
163	Spectrogram 1	1	2452.5	2455.5	600	1400	C
164	Spectrogram 1	1	2454.0	2457.0	600	1400	C
165	Spectrogram 1	1	2463.0	2466.0	600	1400	C
166	Spectrogram 1	1	2466.0	2469.0	600	1400	C
167	Spectrogram 1	1	2482.5	2485.5	600	1400	C
168	Spectrogram 1	1	2512.5	2515.5	600	1400	C
169	Spectrogram 1	1	2514.0	2517.0	600	1400	C
170	Spectrogram 1	1	2517.0	2520.0	600	1400	C
171	Spectrogram 1	1	2518.5	2521.5	600	1400	C
172	Spectrogram 1	1	2526.0	2529.0	600	1400	C
173	Spectrogram 1	1	2535.0	2538.0	600	1400	C
174	Spectrogram 1	1	2602.5	2605.5	600	1400	C
175	Spectrogram 1	1	2724.0	2727.0	600	1400	C
176	Spectrogram 1	1	2733.0	2736.0	600	1400	C
177	Spectrogram 1	1	2745.0	2748.0	600	1400	C
178	Spectrogram 1	1	2748.0	2751.0	600	1400	C
179	Spectrogram 1	1	2749.5	2752.5	600	1400	C
180	Spectrogram 1	1	2751.0	2754.0	600	1400	C
181	Spectrogram 1	1	2755.5	2758.5	600	1400	C
182	Spectrogram 1	1	2781.0	2784.0	600	1400	C
183	Spectrogram 1	1	2782.5	2785.5	600	1400	C
184	Spectrogram 1	1	2799.0	2802.0	600	1400	C
185	Spectrogram 1	1	2800.5	2803.5	600	1400	C
186	Spectrogram 1	1	2802.0	2805.0	600	1400	C
187	Spectrogram 1	1	2803.5	2806.5	600	1400	C
188	Spectrogram 1	1	2805.0	2808.0	600	1400	C
189	Spectrogram 1	1	2806.5	2809.5	600	1400	C
190	Spectrogram 1	1	2811.0	2814.0	600	1400	C
191	Spectrogram 1	1	2812.5	2815.5	600	1400	C
192	Spectrogram 1	1	2814.0	2817.0	600	1400	C
193	Spectrogram 1	1	2820.0	2823.0	600	1400	C
194	Spectrogram 1	1	2827.5	2830.5	600	1400	C
195	Spectrogram 1	1	2832.0	2835.0	600	1400	C
196	Spectrogram 1	1	2833.5	2836.5	600	1400	C
197	Spectrogram 1	1	2845.5	2848.5	600	1400	C
198	Spectrogram 1	1	2857.5	2860.5	600	1400	C
199	Spectrogram 1	1	2869.5	2872.5	600	1400	C
200	Spectrogram 1	1	2899.5	2902.5	600	1400	C
201	Spectrogram 1	1	2901.0	2904.0	600	1400	C
202	Spectrogram 1	1	2940.0	2943.0	600	1400	C
203	Spectrogram 1	1	2941.5	2944.5	600	1400	C
204	Spectrogram 1	1	2944.5	2947.5	600	1400	C
205	Spectrogram 1	1	3013.5	3016.5	600	1400	C
206	Spectrogram 1	1	3016.5	3019.5	600	1400	C
207	Spectrogram 1	1	3018.0	3021.0	600	1400	C
208	Spectrogram 1	1	3021.0	3024.0	600	1400	C
209	Spectrogram 1	1	3024.0	3027.0	600	1400	C
210	Spectrogram 1	1	3027.0	3030.0	600	1400	C
211	Spectrogram 1	1	3028.5	3031.5	600	1400	C
212	Spectrogram 1	1	3030.0	3033.0	600	1400	C
213	Spectrogram 1	1	3031.5	3034.5	600	1400	C
214	Spectrogram 1	1	3046.5	3049.5	600	1400	C
215	Spectrogram 1	1	3058.5	3061.5	600	1400	C
216	Spectrogram 1	1	3060.0	3063.0	600	1400	C
217	Spectrogram 1	1	3061.5	3064.5	600	1400	C
218	Spectrogram 1	1	3063.0	3066.0	600	1400	C
219	Spectrogram 1	1	3066.0	3069.0	600	1400	C
220	Spectrogram 1	1	3067.5	3070.5	600	1400	C
221	Spectrogram 1	1	3069.0	3072.0	600	1400	C
222	Spectrogram 1	1	3072.0	3075.0	600	1400	C
223	Spectrogram 1	1	3115.5	3118.5	600	1400	C
224	Spectrogram 1	1	3117.0	3120.0	600	1400	C
225	Spectrogram 1	1	3124.5	3127.5	600	1400	C
226	Spectrogram 1	1	3127.5	3130.5	600	1400	C
227	Spectrogram 1	1	3132.0	3135.0	600	1400	C
228	Spectrogram 1	1	3133.5	3136.5	600	1400	C
229	Spectrogram 1	1	3136.5	3139.5	600	1400	C
230	Spectrogram 1	1	3138.0	3141.0	600	1400	C
231	Spectrogram 1	1	3139.5	3142.5	600	1400	C
232	Spectrogram 1	1	3141.0	3144.0	600	1400	C
233	Spectrogram 1	1	3144.0	3147.0	600	1400	C
234	Spectrogram 1	1	3145.5	3148.5	600	1400	C
235	Spectrogram 1	1	3166.5	3169.5	600	1400	C
236	Spectrogram 1	1	3193.5	3196.5	600	1400	C
237	Spectrogram 1	1	3195.0	3198.0	600	1400	C
238	Spectrogram 1	1	3243.0	3246.0	600	1400	C
239	Spectrogram 1	1	3256.5	3259.5	600	1400	C
240	Spectrogram 1	1	3271.5	3274.5	600	1400	C
241	Spectrogram 1	1	3294.0	3297.0	600	1400	C
242	Spectrogram 1	1	3318.0	3321.0	600	1400	C
243	Spectrogram 1	1	3336.0	3339.0	600	1400	C
244	Spectrogram 1	1	3355.5	3358.5	600	1400	C
245	Spectrogram 1	1	3414.0	3417.0	600	1400	C
246	Spectrogram 1	1	3444.0	3447.0	600	1400	C
247	Spectrogram 1	1	3445.5	3448.5	600	1400	C
248	Spectrogram 1	1	3450.0	3453.0	600	1400	C
249	Spectrogram 1	1	3451.5	3454.5	600	1400	C
250	Spectrogram 1	1	3453.0	3456.0	600	1400	C
251	Spectrogram 1	1	3454.5	3457.5	600	1400	C
252	Spectrogram 1	1	3456.0	3459.0	600	1400	C
253	Spectrogram 1	1	3457.5	3460.5	600	1400	C
254	Spectrogram 1	1	3462.0	3465.0	600	1400	C
255	Spectrogram 1	1	3463.5	3466.5	600	1400	C
256	Spectrogram 1	1	3465.0	3468.0	600	1400	C
257	Spectrogram 1	1	3466.5	3469.5	600	1400	C
258	Spectrogram 1	1	3468.0	3471.0	600	1400	C
259	Spectrogram 1	1	3471.0	3474.0	600	1400	C
260	Spectrogram 1	1	3498.0	3501.0	600	1400	C
261	Spectrogram 1	1	3549.0	3552.0	600	1400	C
262	Spectrogram 1	1	3550.5	3553.5	600	1400	C
263	Spectrogram 1	1	3559.5	3562.5	600	1400	C
264	Spectrogram 1	1	3570.0	3573.0	600	1400	C
265	Spectrogram 1	1	3582.0	3585.0	600	1400	C
